79 123 42 85 133 90 19 48 78 50 141 178
88 82 72 159 174 61 18 19 100 56 113 169
45 146 53 109 180 121 13 48 109 34 148 184
96 90 37 140 115 149 10 37 54 45 101 138
82 119 69 136 189 23 9 55 109 34 105 148
81 111 34 136 214 105 10 43 57 34 126 172
77 94 71 91 68 20 19 15 73 37 108 145
95 114 69 159 97 172 17 44 56 31 93 128
90 102 43 142 178 108 20 32 109 48 121 133
63 116 44 204 179 116 6 27 100 43 142 139
71 110 78 213 110 117 14 25 50 31 97 125
58 131 39 206 186 49 6 44 107 40 118 163
78 86 34 97 176 44 6 31 78 31 119 151
69 135 51 235 57 169 20 19 84 42 128 135
49 103 27 124 201 55 6 46 81 38 138 154
80 126 72 80 103 16 20 44 69 57 113 171
94 80 64 215 93 189 7 29 52 32 96 138
68 128 76 101 100 25 6 21 82 37 153 166
58 80 71 237 177 92 5 44 55 58 111 160
55 117 34 154 66 117 7 45 65 35 148 128
52 132 23 105 154 93 6 48 72 49 137 189
47 89 78 222 162 175 12 44 107 56 104 132
81 125 42 190 183 164 9 50 54 34 115 173
58 133 65 116 49 62 19 35 106 45 138 137
95 81 53 149 213 163 16 27 82 48 141 149
59 85 34 94 167 28 7 33 110 43 120 125
78 83 38 158 90 189 6 48 103 41 121 146
62 89 75 222 190 40 5 42 110 57 108 133
55 106 23 165 46 58 11 49 109 56 152 168
98 101 31 116 156 72 15 39 108 50 152 145
93 80 77 145 57 127 15 55 61 51 108 184
100 111 73 81 85 162 5 40 93 55 139 154
88 103 50 101 155 24 10 17 77 38 90 164
56 146 52 80 46 84 7 42 58 42 130 126
48 116 61 118 60 126 19 45 51 52 109 151
62 95 53 145 50 174 18 29 91 53 116 189
40 148 24 215 95 150 12 16 57 58 121 132
49 118 53 183 171 119 14 31 91 35 113 187
40 139 56 119 104 23 16 18 93 42 137 130
57 108 36 203 56 47 20 31 69 58 115 157
54 108 21 103 159 144 13 38 96 38 98 170
78 127 69 240 180 107 12 29 51 54 101 172
88 115 48 173 145 64 5 36 85 49 132 187
88 88 38 125 151 19 10 53 62 46 99 127
72 137 54 232 170 69 6 53 96 41 134 176
77 90 36 140 190 180 9 54 58 55 130 159
93 88 77 124 150 177 18 43 108 56 120 122
70 99 57 79 41 123 12 41 88 34 129 164
74 142 65 101 133 97 17 42 86 48 132 175
92 137 31 78 213 34 18 43 103 42 118 163
60 149 37 72 81 174 17 34 85 49 149 149
75 141 47 122 120 34 5 37 65 49 91 120
82 131 53 194 184 112 9 26 103 37 134 159
98 83 27 96 207 16 12 34 56 60 147 152
44 116 72 208 89 53 18 41 58 54 145 177
46 138 71 176 53 29 11 23 87 48 133 120
95 144 70 92 156 134 5 19 91 51 97 156
46 126 67 216 65 57 13 50 107 55 133 130
53 131 44 86 123 85 18 28 109 53 145 131
98 134 24 89 99 103 8 48 72 36 130 190
84 131 55 187 127 187 20 55 96 37 114 143
71 90 75 87 53 169 6 30 59 31 102 187
100 126 33 142 193 32 6 43 50 53 107 157
81 107 61 142 95 121 16 33 108 48 130 155
83 96 32 111 133 95 18 38 52 32 148 148
50 140 52 153 192 149 12 25 50 59 133 185
93 93 26 218 203 112 18 32 78 45 124 177
93 110 53 114 148 138 20 15 65 56 140 183
71 82 22 196 176 21 6 40 72 37 111 173
40 126 74 225 121 37 18 51 78 60 121 157
84 145 51 181 114 181 13 40 62 56 142 173
64 80 43 129 85 85 10 47 86 56 121 186
82 107 42 162 155 65 8 23 103 42 113 125
51 104 44 209 100 75 17 29 64 53 148 139
71 91 38 233 88 155 6 37 104 41 143 185
94 96 22 209 219 15 16 33 89 49 129 133
49 123 75 166 121 80 8 19 71 32 108 187
65 108 41 152 111 138 14 43 91 52 110 159
45 107 31 118 196 156 6 20 95 38 130 120
82 145 27 212 182 109 5 40 106 41 151 181
95 144 61 99 55 176 14 54 109 54 136 186
58 85 79 110 169 57 15 28 56 57 116 174
75 137 76 74 87 89 17 27 106 48 98 121
55 83 74 173 108 23 20 53 65 55 132 169
86 99 37 98 210 91 20 16 79 34 123 145
68 145 60 114 167 184 15 37 50 39 155 140
54 119 35 176 151 127 20 30 54 44 107 170
87 137 57 125 214 42 18 43 63 49 115 136
57 126 65 80 49 23 18 50 98 33 118 139
67 129 54 90 206 46 5 34 102 31 141 150
92 149 78 173 43 109 10 17 87 43 153 154
77 131 52 167 123 50 5 22 89 52 101 125
51 83 67 75 90 62 19 22 103 59 139 163
60 137 46 235 147 76 5 33 55 30 96 179
75 103 33 128 193 102 10 34 59 48 137 177
75 116 33 183 101 63 16 15 83 36 104 136
68 129 48 88 179 62 16 15 65 44 96 132
73 142 35 214 80 147 8 23 86 34 115 159
43 90 71 163 82 149 15 29 83 42 155 164
54 96 33 213 173 143 10 28 83 37 140 181
91 149 63 122 149 53 12 28 90 52 114 160
59 136 31 143 129 177 19 51 96 59 152 173
55 143 79 204 63 71 18 44 54 42 143 158
78 88 66 210 50 93 12 30 88 41 155 150
41 127 57 115 198 66 18 18 80 45 112 130
65 108 70 231 208 21 6 40 98 36 122 169
76 98 78 133 49 156 18 16 57 52 141 147
84 105 27 137 107 112 12 18 94 32 130 173
62 140 74 108 151 16 12 16 50 39 119 166
53 86 60 216 192 133 15 35 109 50 144 189
64 150 56 140 114 53 6 35 106 33 144 133
97 81 57 99 66 140 5 24 104 47 143 136
51 108 44 173 215 73 5 54 98 34 141 140
75 134 65 179 49 89 12 17 67 35 127 177
40 106 48 239 99 157 19 23 81 46 129 171
52 85 47 124 128 130 16 35 79 60 139 154
40 139 35 225 57 185 18 25 60 44 119 149
54 102 26 120 70 172 16 18 51 60 100 129
79 126 51 125 67 119 20 38 82 58 100 141
42 118 57 231 53 142 19 15 67 30 131 175
59 101 28 135 197 114 9 27 83 47 106 146
89 140 80 76 122 99 20 39 103 35 93 124
87 94 44 82 206 135 15 51 110 36 146 123
52 137 21 130 201 39 12 18 103 34 99 141
91 104 73 171 134 16 14 16 100 53 91 167
74 95 42 196 172 179 20 25 88 34 122 179
71 124 56 141 134 179 9 30 110 44 136 178
79 139 65 144 156 77 14 35 81 55 139 157
91 124 29 202 125 136 17 34 93 39 106 185
79 112 49 141 44 16 18 15 83 44 134 186
56 112 55 187 160 56 20 43 70 34 122 160
97 84 34 198 46 114 9 32 107 32 124 134
46 91 25 207 75 56 8 32 93 47 128 142
83 96 42 107 143 173 12 35 88 51 122 126
43 148 45 97 105 174 18 35 107 54 103 122
100 134 50 220 141 58 18 19 81 38 106 190
90 108 54 211 135 115 19 53 54 43 119 153
58 83 39 122 99 104 17 43 80 51 96 137
76 128 56 78 147 45 17 34 56 44 92 141
45 131 59 129 66 19 17 52 83 49 125 141
64 96 59 166 42 45 9 16 60 60 132 167
98 142 74 105 174 39 19 48 56 55 153 149
88 139 53 85 216 82 10 42 85 58 92 124
99 104 43 190 215 83 13 34 50 56 141 136
48 91 75 157 146 129 16 34 82 53 142 137
53 142 70 234 176 76 10 34 70 39 112 181
69 132 66 105 217 92 18 28 91 33 103 137
44 91 67 216 101 103 14 40 51 45 129 142
67 147 25 192 184 116 20 33 65 45 99 158
64 126 49 110 119 167 18 32 92 33 111 127
83 82 68 89 158 183 8 49 69 53 117 125
69 107 73 223 125 170 16 24 99 49 105 181
69 84 74 165 172 105 6 21 52 33 100 126
45 94 48 203 143 154 5 33 62 30 151 161
56 150 31 163 104 164 9 42 81 59 150 174
58 83 35 169 174 29 14 19 61 42 113 153
50 127 71 110 122 87 7 21 103 53 113 188
96 133 31 157 41 39 13 35 98 30 97 129
58 131 69 127 109 147 16 30 67 50 153 175
67 133 51 134 198 88 5 43 99 44 107 131
52 123 59 92 53 63 6 28 104 55 152 126
61 139 75 106 178 115 6 30 78 31 92 156
86 115 59 164 97 95 10 34 50 40 130 120
49 125 52 216 198 34 5 31 110 34 150 164
56 146 59 138 83 61 18 44 63 37 119 173
98 84 32 194 148 159 15 19 69 33 110 185
63 118 54 225 73 70 17 32 61 57 94 147
73 95 65 165 218 143 18 16 66 37 138 164
43 115 32 144 80 105 6 48 99 57 125 152
44 88 70 146 198 99 11 46 85 40 105 183
92 104 21 92 127 42 12 33 60 53 104 144
47 95 22 144 190 96 6 27 65 45 118 163
44 116 39 172 90 143 9 19 74 36 144 155
42 90 28 105 168 120 12 22 51 58 103 148
69 90 31 78 68 136 20 15 71 57 148 127
50 129 26 222 73 124 20 51 83 33 123 127
87 80 68 75 174 31 17 20 50 45 120 189
98 101 68 124 172 82 11 49 65 45 107 169
51 81 29 80 153 78 19 45 69 49 129 186
66 150 36 75 191 145 5 37 108 60 136 144
58 90 22 96 122 109 6 44 72 43 106 125
60 127 31 140 111 187 8 43 74 53 94 160
77 137 41 181 145 74 10 17 89 58 109 149
100 135 61 153 110 105 16 38 99 58 120 182
84 82 31 180 180 26 18 48 54 55 129 126
41 124 60 165 55 103 20 44 110 32 98 180
94 131 66 218 133 178 14 37 81 39 117 156
61 94 63 191 197 36 18 25 92 48 115 175
43 112 80 209 163 43 17 44 51 38 115 179
88 123 56 127 44 44 19 18 71 34 154 170
50 112 49 150 200 41 5 20 105 34 148 174
53 132 71 208 70 177 20 55 107 40 141 171
46 121 52 177 103 16 7 47 87 31 155 137
98 99 76 92 121 74 14 50 107 30 121 184
95 122 61 75 175 48 16 52 89 39 90 162
81 122 22 201 51 54 19 50 78 58 123 152
79 84 54 226 104 106 14 35 72 51 116 181
43 95 61 217 124 157 15 15 51 42 152 139
61 129 24 117 80 28 12 15 54 33 96 153
69 113 60 160 43 48 14 28 108 59 127 181
53 137 33 121 202 27 9 28 51 42 134 140
49 89 27 157 183 93 19 43 66 45 99 183
93 131 31 178 41 150 14 54 58 57 143 145
63 146 32 182 84 117 14 38 89 45 145 135
40 87 72 130 85 135 14 15 59 44 136 135
52 99 21 156 47 128 18 32 73 46 136 122
82 81 69 191 217 42 6 53 79 51 117 142
84 106 39 174 82 81 17 35 59 52 154 171
77 116 72 205 124 55 14 38 87 37 126 143
81 84 20 209 219 99 18 34 51 36 108 173
45 143 46 121 123 24 7 50 93 37 98 188
58 113 54 236 143 97 18 55 61 57 98 143
99 124 26 227 116 100 15 32 98 34 92 155
43 84 73 82 139 73 15 55 50 46 130 153
98 127 60 163 63 136 6 18 74 39 150 188
71 140 37 200 95 152 17 50 68 57 112 188
43 87 61 176 69 71 18 21 83 60 127 120
81 83 71 82 218 130 8 29 67 60 144 185
98 91 40 132 216 46 8 51 74 56 143 187
61 132 42 223 53 18 18 50 109 54 151 156
74 137 64 116 166 42 10 22 61 57 104 166
74 122 24 227 146 109 20 47 74 47 135 157
88 144 57 87 183 43 12 20 90 43 149 190
43 116 33 227 165 116 17 40 98 50 152 154
66 145 51 158 116 124 10 26 93 34 146 169
56 112 34 150 180 119 13 28 101 58 96 174
59 121 70 164 89 136 20 28 65 41 102 138
55 128 63 136 202 26 6 20 68 51 92 179
43 110 46 234 188 91 16 36 95 53 140 130
54 140 27 124 76 114 13 30 52 31 134 189
67 101 61 70 45 68 14 54 54 55 136 120
88 128 70 206 220 29 16 30 67 39 111 131
88 147 64 166 52 78 15 31 64 31 121 170
62 93 68 179 173 110 10 36 56 36 134 136
94 84 21 106 213 63 12 26 85 60 92 151
49 103 45 163 124 83 10 41 73 38 151 123
77 143 34 190 44 23 9 42 76 48 145 143
100 139 38 194 62 124 18 40 100 43 109 178
55 123 31 232 190 120 9 19 71 37 140 190
72 136 59 139 179 118 6 20 90 54 100 123
72 101 67 182 58 84 17 33 89 30 103 136
70 149 32 126 213 147 6 53 85 50 123 180
61 88 35 165 186 55 7 25 71 60 135 150
46 108 30 99 187 65 6 19 58 46 103 124
46 105 37 122 172 22 14 30 50 60 142 127
45 81 69 79 137 54 13 30 92 38 123 122
66 99 78 139 86 145 5 34 95 53 144 132
73 87 54 148 85 81 12 27 86 57 155 190
44 95 78 129 196 151 10 26 103 36 151 182
40 148 29 240 175 116 19 53 85 48 98 165
97 139 36 165 46 190 12 31 54 48 98 169
89 120 72 101 180 55 10 24 90 51 139 122
58 96 47 119 123 164 14 51 66 37 94 129
63 143 42 82 63 64 8 21 59 58 98 182
82 105 36 130 198 188 20 49 95 34 134 168
90 144 47 236 110 138 7 29 69 51 119 143
64 134 45 152 153 132 20 54 71 39 119 125
40 126 32 70 185 115 19 38 84 58 152 173
70 99 46 147 195 57 18 24 53 50 102 179
71 121 53 181 87 114 5 43 68 33 91 128
43 114 78 78 188 82 16 44 109 44 101 125
48 82 55 237 84 32 19 29 97 45 98 139
68 146 74 181 198 153 6 54 86 45 93 125
40 104 63 112 209 131 15 52 81 44 128 130
70 116 58 208 153 48 12 36 60 37 104 153
53 121 57 174 182 171 8 39 50 31 116 173
52 105 30 117 158 115 13 31 89 58 103 161
41 92 38 173 162 137 15 16 83 43 145 132
88 128 58 204 80 180 11 34 108 46 117 164
84 97 42 232 119 129 5 52 56 42 130 156
42 97 77 203 105 190 18 39 57 49 101 147
52 113 50 191 156 67 13 31 86 43 120 190
41 129 79 86 170 33 5 51 85 35 147 175
47 114 46 105 200 127 14 15 63 40 132 176
64 112 30 201 86 39 7 21 110 37 127 158
73 121 77 234 100 126 15 49 63 32 121 129
64 122 20 224 204 63 8 52 74 48 103 120
63 125 72 145 97 57 13 38 90 39 130 179
68 118 33 215 214 78 19 36 97 45 132 135
78 109 43 177 71 121 6 21 80 54 119 162
46 101 47 70 91 36 7 50 65 44 147 186
47 92 43 152 81 80 7 55 57 52 140 149
92 86 66 194 85 24 20 37 63 45 106 186
94 86 35 189 125 152 16 36 66 55 140 173
58 138 22 157 182 51 13 47 74 41 144 140
65 87 55 180 133 85 5 43 79 51 97 144
73 137 31 128 113 118 13 55 69 41 118 155
100 119 57 162 64 178 6 36 84 59 132 138
55 81 50 131 59 33 5 50 108 55 148 149
89 114 38 225 129 174 10 48 106 34 136 130
73 112 46 86 200 164 12 15 77 56 98 125
58 119 67 118 152 101 10 20 53 56 110 166
84 146 20 195 151 178 20 20 83 30 97 148
45 132 42 239 162 102 18 37 94 58 115 185
93 147 61 180 135 143 8 28 102 49 141 171
97 123 39 125 85 147 19 29 101 35 124 148
86 99 41 125 204 132 9 41 108 34 137 161
93 93 47 158 158 101 15 41 54 38 93 190
41 139 65 151 157 57 12 50 56 57 101 122
83 84 58 230 208 70 16 52 66 36 117 190
98 86 70 100 180 86 6 44 75 43 93 138
91 93 45 154 68 135 14 34 63 43 137 183
97 142 30 107 122 174 15 52 87 46 103 188
54 81 53 140 47 43 14 32 81 48 147 126
68 137 68 143 121 74 14 42 72 51 136 163
57 135 49 94 83 88 5 37 89 38 98 184
61 109 31 90 59 43 12 29 75 39 98 146
91 130 59 230 133 147 5 31 71 44 101 139
53 146 31 176 65 172 14 20 108 41 133 188
54 80 56 175 181 154 11 48 70 47 139 166
75 127 22 194 133 63 7 45 52 59 120 143
74 144 76 75 66 133 13 28 89 41 104 177
94 137 40 99 199 136 10 37 81 47 136 155
65 99 79 223 195 68 20 54 107 46 127 133
50 80 30 71 160 73 13 15 86 58 112 132
99 90 57 90 54 99 5 55 76 50 94 163
60 91 37 140 132 127 14 41 102 30 107 144
63 140 20 74 85 91 10 20 97 58 119 168
76 146 42 192 217 67 6 33 80 45 151 144
80 115 75 221 185 156 12 52 102 60 107 187
92 148 29 125 206 93 17 27 70 42 124 162
62 133 40 171 140 45 16 54 80 33 144 127
100 85 28 173 78 161 16 34 53 43 120 142
74 132 62 163 106 101 18 47 98 35 146 188
94 121 63 97 159 53 18 20 91 44 117 189
79 140 42 150 204 42 14 27 82 49 123 139
96 117 23 113 139 162 9 25 54 54 131 149
87 134 38 176 58 117 16 42 109 50 149 136
41 117 32 163 101 38 15 40 91 56 91 148
56 117 25 228 206 115 19 31 96 37 120 165
49 82 26 178 181 162 20 27 65 32 141 123
82 82 77 201 114 138 16 33 91 51 120 165
98 86 78 176 127 59 20 49 61 51 113 134
63 131 37 124 186 59 18 45 73 50 146 159
92 103 73 203 98 80 6 22 60 44 93 120
77 105 25 80 156 113 8 25 82 35 139 150
75 90 65 235 162 110 10 44 61 31 128 133
85 110 24 87 191 46 20 40 63 35 98 179
92 88 21 152 111 188 16 36 100 46 129 123
93 149 34 137 194 61 17 54 98 59 117 176
98 127 52 204 78 172 18 40 91 34 102 179
94 127 26 213 149 99 16 33 51 55 94 145
51 123 60 205 151 103 15 42 77 31 127 167
47 118 79 153 132 36 15 38 103 31 147 136
80 146 45 203 179 96 5 49 53 60 92 129
90 150 36 210 176 72 10 49 51 37 97 149
77 120 41 175 57 105 17 47 62 30 109 123
97 96 33 120 55 34 8 21 78 58 151 136
53 81 54 93 65 184 8 20 93 49 115 145
77 146 37 157 66 114 11 34 83 34 105 124
54 106 31 103 126 39 14 34 97 37 153 155
87 101 68 70 103 135 14 29 53 56 102 155
59 86 57 91 40 174 15 51 98 32 153 158
50 89 72 75 54 28 5 54 108 35 145 171
91 125 49 232 88 71 19 37 74 40 100 182
98 97 67 206 44 161 9 37 88 44 101 148
76 127 62 191 96 25 12 23 88 51 139 167
58 134 20 137 123 95 7 25 66 44 126 130
45 103 37 140 129 109 17 17 84 60 110 121
86 147 34 189 158 150 7 22 97 35 154 143
85 136 52 224 95 60 9 50 88 56 106 154
81 116 25 147 143 149 16 27 109 51 122 173
96 111 27 177 151 115 16 25 63 50 110 124
50 87 28 171 72 59 5 17 98 50 91 130
67 149 52 167 208 55 16 54 95 60 130 182
41 82 45 87 118 164 20 39 89 50 104 123
85 117 65 165 43 46 14 32 83 49 144 129
45 90 40 201 211 131 19 25 108 44 109 160
57 127 29 215 58 188 12 18 83 57 101 181
56 117 79 130 201 92 20 25 66 41 120 130
56 128 41 200 47 26 13 36 101 33 122 148
96 113 44 117 153 185 8 18 87 36 95 159
91 138 68 130 97 130 15 37 63 44 113 160
92 110 51 210 121 149 17 38 98 50 152 120
48 148 26 193 133 40 9 39 109 30 116 131
70 107 37 173 189 164 12 22 56 31 99 136
48 139 72 172 163 96 6 34 107 35 117 171
98 92 32 111 79 58 8 16 68 45 97 139
93 134 58 142 118 146 12 31 96 50 148 123
78 149 54 203 179 127 11 40 90 54 114 182
98 107 79 168 182 54 15 21 59 49 152 190
42 115 66 181 167 121 7 27 67 30 120 174
49 108 42 163 41 16 16 53 62 50 106 155
48 110 21 165 170 160 6 38 64 46 107 160
51 140 25 200 116 156 18 38 74 59 146 174
99 124 78 158 122 37 20 32 93 35 107 130
52 150 47 215 161 38 20 26 97 57 139 121
55 136 29 185 216 100 6 30 54 44 143 187
64 123 27 98 195 169 10 23 108 32 108 188
82 134 53 90 124 95 9 15 70 34 107 125
88 81 79 148 51 110 9 42 72 55 105 174
85 112 36 193 189 129 16 54 76 59 94 190
62 106 62 207 160 115 11 39 73 45 108 133
56 92 45 143 90 24 19 36 55 50 114 149
47 145 43 129 146 100 12 55 66 57 109 186
65 128 27 114 59 78 16 23 70 47 119 135
71 137 72 182 197 125 15 25 91 52 90 124
61 114 45 134 204 107 15 33 60 57 108 144
59 111 31 212 69 48 15 34 53 45 146 179
72 82 73 85 98 174 9 38 107 38 115 176
71 99 48 137 86 31 5 40 75 33 134 152
51 88 73 188 157 18 10 31 78 56 151 171
61 117 56 221 50 115 9 31 78 51 144 185
54 129 56 77 195 153 16 43 59 59 129 136
64 104 60 103 119 153 19 33 87 53 147 150
61 117 47 180 217 121 10 53 56 30 117 189
82 112 34 195 154 115 8 18 89 54 115 180
83 108 59 89 217 139 19 39 85 36 152 141
53 135 60 197 182 67 15 29 110 57 123 162
42 146 65 162 71 48 9 29 53 30 103 155
97 83 29 203 114 165 19 42 90 48 111 154
67 91 67 229 127 25 9 26 81 32 153 163
61 130 23 152 220 122 8 37 66 49 132 168
98 148 55 90 205 121 7 31 71 57 91 187
58 81 67 196 54 37 19 22 108 44 123 188
66 88 70 239 207 84 14 46 83 44 94 167
98 106 70 93 43 164 19 36 75 48 151 164
83 140 43 130 124 64 10 42 60 37 146 154
91 147 65 136 179 91 10 49 62 56 127 190
66 88 46 111 83 136 13 31 59 60 152 149
58 135 58 139 201 178 7 40 78 43 112 140
51 117 73 218 196 60 7 24 83 57 147 160
71 98 66 220 48 80 13 35 90 33 140 163
79 107 69 170 84 134 17 39 87 46 151 169
87 80 28 194 111 167 12 43 55 59 142 177
92 90 73 123 161 155 15 18 109 35 123 188
83 88 41 91 128 88 8 22 88 50 146 126
73 117 55 170 66 37 19 37 70 56 107 168
63 119 67 118 78 22 19 50 57 47 138 133
58 139 55 239 109 101 15 46 64 38 149 190
84 112 24 135 217 163 19 39 83 30 93 180
90 112 50 153 62 116 20 37 103 58 147 134
99 92 50 103 185 74 12 41 61 53 143 141
97 115 58 132 139 79 7 20 109 56 143 137
89 108 79 192 139 57 17 51 52 45 128 131
73 140 42 113 89 37 16 16 106 60 126 121
100 87 34 129 140 138 7 30 63 38 95 173
71 135 67 95 110 102 8 23 65 44 129 148
93 115 23 219 127 156 18 47 73 30 90 146
62 80 75 101 166 71 20 49 90 36 140 147
75 129 63 199 167 169 9 37 76 47 118 144
46 81 23 236 60 47 13 24 72 35 104 147
47 111 63 199 173 77 18 27 74 59 143 180
49 133 55 145 63 65 11 30 73 51 93 146
65 129 33 150 209 132 20 37 78 38 155 164
58 142 34 161 53 168 9 27 52 59 96 125
43 109 60 100 180 39 15 52 66 34 150 183
46 119 30 213 184 166 11 43 71 50 150 163
92 109 35 165 214 117 10 50 56 55 155 127
48 123 62 141 168 130 17 44 81 48 152 141
75 139 71 163 115 27 20 22 96 55 108 154
81 104 57 126 119 127 18 35 110 44 104 177
51 118 46 178 142 75 7 52 66 57 147 173
48 112 74 148 184 126 12 51 98 38 136 186
59 114 48 212 61 59 5 36 65 39 120 152
42 117 70 160 215 143 9 23 88 34 100 154
91 139 57 186 193 107 19 28 91 45 133 182
67 135 27 146 205 188 18 35 69 41 133 132
74 102 53 128 126 28 19 31 55 41 139 173
42 84 52 89 54 178 12 54 76 60 149 186
80 120 67 113 142 189 14 52 55 57 142 146
61 146 69 98 83 81 8 22 83 47 128 132
67 132 74 154 84 150 17 30 82 47 131 122
76 114 78 184 183 117 11 36 85 37 138 155
65 82 41 178 177 66 14 44 90 58 148 168
94 96 53 193 192 43 15 50 90 54 130 154
99 106 55 185 87 33 17 43 98 35 138 130
80 115 69 237 51 81 14 29 107 39 155 155
90 148 67 212 137 26 7 34 96 40 102 120
66 113 32 209 43 37 7 18 57 56 135 122
69 94 64 216 121 63 14 40 55 34 117 177
72 100 53 165 162 145 9 22 72 42 117 184
99 147 51 119 111 140 6 31 70 44 101 174
70 114 51 140 175 91 16 28 93 50 109 127
42 105 46 164 165 138 7 50 103 51 137 124
57 110 47 158 188 40 15 47 79 42 136 135
66 107 68 219 47 160 16 19 91 49 107 148
76 103 65 85 45 83 16 22 105 44 126 136
85 89 34 186 205 99 16 33 94 60 101 156
74 128 57 233 195 136 9 49 80 43 114 170
76 143 49 80 78 130 11 48 74 55 124 185
43 90 78 211 52 180 16 31 69 42 119 143
81 122 27 177 57 146 9 27 76 33 97 121
72 146 38 105 164 130 8 34 52 52 112 152
71 108 53 161 140 43 16 45 58 55 141 188
74 123 49 184 123 45 5 24 73 46 108 170
97 127 21 238 71 154 13 49 52 54 98 159
94 129 64 238 181 28 5 42 51 56 98 121
75 125 46 90 132 122 9 36 91 42 102 132
75 112 57 181 162 73 17 20 53 44 139 187
74 96 25 153 155 151 20 34 110 38 121 124
81 140 62 203 195 16 10 17 51 49 114 124
43 83 26 232 97 99 18 24 105 46 99 126
77 83 51 199 117 42 13 41 92 49 117 172
72 131 31 97 165 35 9 17 69 52 119 169
99 142 28 142 168 173 20 31 83 36 103 126
89 132 61 192 67 153 15 38 68 32 110 141
72 85 61 153 61 74 16 53 81 40 94 131
66 112 59 238 66 78 11 22 77 49 109 163
100 104 27 229 103 91 8 16 92 46 131 158
79 108 30 147 168 35 20 39 92 40 111 123
42 97 50 146 155 181 8 41 87 49 131 168
82 136 74 188 217 88 11 18 104 40 132 177
77 89 59 105 148 161 8 34 87 60 122 190
97 105 57 173 52 86 12 55 96 46 102 183
46 108 20 218 78 127 16 22 67 30 126 158
89 103 20 127 200 16 20 55 57 53 128 158
91 139 27 235 148 22 20 45 52 35 123 157
81 100 49 125 141 85 11 19 92 48 112 134
59 142 41 132 207 144 5 26 78 52 97 139
71 144 44 236 75 152 16 49 64 48 115 135
75 137 71 142 178 145 20 25 94 47 145 145
56 137 27 123 80 41 15 33 73 38 118 123
74 86 74 136 153 103 7 55 65 57 131 165
52 145 35 204 98 91 11 54 99 52 144 187
44 113 66 92 123 107 13 31 106 47 90 172
87 119 78 136 104 149 17 45 98 40 117 145
44 99 80 182 130 117 18 51 100 56 127 178
53 82 39 188 191 132 20 43 59 60 136 145
45 149 63 95 139 46 5 23 104 40 145 180
77 92 33 188 153 149 8 47 88 39 119 150
70 137 76 236 133 155 6 38 72 33 146 167
99 147 35 119 126 37 20 55 84 31 99 172
58 145 49 102 208 76 14 43 109 32 123 169
97 136 21 157 41 35 10 16 110 37 140 123
67 83 48 134 98 75 10 22 109 44 123 146
66 86 47 187 40 138 17 22 82 38 125 173
100 107 72 154 107 68 19 33 108 44 141 150
67 104 55 156 207 157 20 24 104 57 108 139
41 85 38 158 190 88 14 35 66 53 132 190
95 106 32 172 211 137 15 45 91 56 107 189
46 84 23 185 193 173 14 48 57 45 121 128
70 133 29 171 122 87 12 44 110 50 116 171
54 112 28 143 95 122 5 55 89 32 153 173
40 81 61 129 151 141 11 46 94 38 103 169
74 133 69 150 180 103 18 37 58 59 154 127
48 139 80 143 172 117 16 45 62 38 139 156
56 84 22 120 58 41 18 18 77 46 133 121
64 147 53 191 82 183 9 54 55 37 131 170
95 124 64 153 98 57 19 21 59 33 93 150
64 147 35 109 44 53 11 35 52 31 138 180
80 124 31 220 119 71 12 42 61 60 147 168
56 114 20 126 205 53 20 41 54 32 90 120
77 129 63 205 123 172 5 45 95 38 147 135
98 149 38 142 57 162 14 30 110 36 115 183
50 87 50 209 212 67 14 38 109 58 127 177
42 145 46 106 80 80 7 55 89 39 149 159
48 132 43 229 204 120 7 39 68 49 120 158
61 128 36 115 176 92 14 16 84 60 104 137
73 108 27 194 207 165 16 45 78 50 92 135
51 106 53 134 102 83 16 32 60 40 102 156
54 83 43 115 61 64 17 36 89 31 133 130
72 112 61 125 48 72 9 39 83 34 101 185
100 102 62 186 119 75 18 45 84 55 105 141
85 118 41 180 173 162 6 38 51 36 101 151
55 93 25 216 43 176 7 15 60 49 145 168
87 147 53 168 213 69 12 18 62 54 143 131
100 116 66 230 108 171 8 17 88 34 131 186
51 146 78 186 78 87 15 31 57 30 130 144
71 143 32 124 215 91 19 49 96 54 128 122
50 134 37 131 183 115 5 22 66 58 115 170
92 95 77 85 106 143 10 18 109 32 125 171
97 137 60 152 74 37 17 22 70 41 140 149
43 125 79 197 69 139 8 50 80 37 122 189
89 99 36 165 130 70 12 35 63 30 92 158
60 83 21 226 152 105 14 44 82 59 125 184
79 129 73 181 137 89 12 55 108 59 129 122
84 136 46 153 159 146 6 53 60 60 135 127
46 113 57 163 123 45 12 25 65 36 143 154
51 124 61 99 189 62 15 48 66 38 150 183
44 89 25 218 51 71 7 40 52 60 117 188
89 90 50 165 208 75 11 55 66 33 136 143
95 102 69 205 106 173 18 24 51 31 99 165
41 81 76 115 103 113 12 44 74 45 128 176
74 101 62 203 142 161 8 47 94 44 104 147
41 128 24 185 126 38 14 51 73 33 136 120
92 119 66 135 145 26 10 42 51 37 146 132
85 136 50 124 203 158 14 53 70 56 129 163
42 89 33 133 154 169 11 50 92 40 106 135
95 80 58 157 177 37 5 41 74 57 133 136
75 104 77 146 43 118 20 53 57 38 104 177
65 134 31 183 161 183 12 32 103 56 140 150
91 114 68 168 109 43 12 42 94 36 109 134
42 105 67 145 168 103 6 28 50 50 105 188
46 142 70 139 81 74 15 51 98 40 146 188
77 123 53 205 208 136 19 40 110 52 123 171
40 124 59 86 171 85 17 22 87 55 130 161
88 135 80 180 207 145 5 16 60 38 93 126
81 83 37 209 168 124 8 49 57 35 125 167
94 81 73 191 75 97 6 15 100 46 100 144
99 106 70 179 201 80 18 55 69 31 115 124
41 100 21 97 95 81 12 27 71 47 112 121
45 92 20 95 111 190 12 36 86 34 96 127
77 124 67 239 204 96 10 31 109 59 112 123
53 133 65 116 183 65 17 55 94 32 97 151
44 96 20 222 177 161 16 23 82 35 108 179
83 97 76 117 209 186 16 36 80 30 152 170
52 87 33 90 135 38 7 47 103 51 155 176
43 114 23 183 124 111 5 42 71 42 105 167
80 124 49 72 175 77 15 17 51 35 133 166
45 145 35 178 220 30 15 37 79 52 136 169
52 85 22 238 76 128 13 35 101 34 126 134
62 88 60 102 162 51 12 42 80 60 119 185
79 137 79 228 46 148 8 44 79 49 136 157
86 119 51 193 168 118 16 47 72 57 132 189
91 123 41 232 109 113 15 40 61 46 92 131
74 86 69 225 79 57 14 28 99 31 127 170
90 120 61 237 143 21 12 33 109 41 148 132
56 81 20 154 118 150 19 50 92 42 130 184
48 92 48 192 188 112 10 20 82 53 122 189
62 85 25 103 132 148 8 50 55 43 130 153
91 127 41 104 162 166 13 25 94 60 99 159
93 102 50 142 187 24 17 30 108 35 107 151
73 141 41 184 83 90 18 17 102 30 143 124
82 113 80 100 219 47 15 43 54 58 151 132
82 121 40 116 169 117 5 16 65 37 139 123
80 150 22 228 142 86 7 43 79 38 116 132
42 100 78 183 174 186 14 48 57 40 155 134
65 116 68 153 93 111 18 23 99 48 109 190
86 108 66 170 187 119 12 40 91 45 115 130
52 121 61 214 109 106 5 35 61 37 124 186
45 132 21 219 216 39 7 52 76 36 95 162
98 127 26 171 150 190 11 50 62 42 128 137
49 90 79 135 45 156 12 18 82 36 98 121
99 84 32 208 176 92 12 42 109 48 124 187
77 144 80 206 155 70 19 16 109 35 129 141
55 134 57 133 189 149 12 32 107 47 154 165
71 111 36 90 176 121 20 16 68 45 118 127
60 126 33 120 98 124 14 41 92 32 90 151
69 84 70 163 158 152 10 44 92 31 136 173
41 143 55 177 51 53 19 32 79 38 142 184
96 147 50 194 150 30 15 24 108 33 108 152
93 143 49 167 40 95 10 49 87 47 111 155
73 115 47 196 102 89 19 48 55 44 110 186
63 139 21 113 172 33 7 26 77 56 130 162
89 94 67 136 211 96 9 35 85 60 135 177
54 100 50 178 154 36 14 16 78 46 119 120
92 97 57 174 180 37 17 36 72 57 105 189
81 90 65 180 206 65 16 44 100 41 95 147
66 122 22 191 71 65 10 31 50 60 91 137
45 128 65 150 209 95 8 53 53 55 110 180
59 138 51 74 78 67 19 33 91 48 145 158
94 145 80 71 196 166 17 48 79 37 144 169
40 84 21 231 188 106 18 53 91 37 126 184
97 129 44 236 184 168 11 28 101 52 138 125
98 113 21 130 150 125 5 23 100 59 144 138
75 147 78 206 52 136 13 38 52 55 98 146
67 93 38 124 154 56 15 17 86 56 115 176
85 148 41 129 172 77 14 25 58 41 106 129
95 127 32 227 213 17 19 32 104 31 154 138
57 129 57 170 96 166 9 52 50 57 149 147
62 107 46 74 206 25 18 36 102 59 133 144
97 87 66 142 169 186 14 23 107 49 134 125
77 83 60 106 123 110 8 46 86 55 142 154
77 97 33 127 160 185 10 35 74 44 110 157
52 92 42 149 48 172 9 38 70 59 105 158
94 95 35 122 211 176 14 21 67 40 142 179
41 126 37 180 79 184 13 41 85 42 125 188
54 118 30 191 74 181 7 53 97 59 112 167
41 137 41 139 137 84 11 54 90 58 125 179
90 89 67 74 137 94 8 50 65 48 127 153
82 97 58 162 63 68 17 50 50 35 151 122
70 121 46 108 58 164 18 39 75 33 98 190
89 146 64 88 153 147 17 23 63 33 104 129
76 107 24 228 141 59 12 26 59 35 134 188
58 127 61 151 111 130 15 34 59 30 117 156
64 148 47 165 97 146 6 31 70 44 118 151
79 146 32 190 62 97 10 17 72 33 103 136
51 149 44 191 170 175 15 26 74 57 147 131
45 145 23 240 110 134 14 38 97 59 147 183
80 87 51 187 125 168 18 23 69 47 103 126
72 89 74 152 113 117 18 53 81 41 104 141
68 149 62 225 202 61 16 42 82 39 123 142
72 128 68 164 168 164 6 45 87 33 146 125
66 118 52 151 195 183 19 39 73 57 136 164
78 120 26 107 162 111 17 36 104 49 119 180
77 86 57 125 144 163 17 55 108 44 136 165
71 133 25 150 52 21 18 29 99 43 153 149
61 124 65 151 123 178 20 25 91 43 115 123
91 105 42 189 136 83 9 41 90 46 111 184
41 95 29 86 61 146 6 39 59 55 151 130
98 91 62 237 91 168 9 47 65 54 112 174
56 124 63 180 96 29 19 55 67 45 134 152
66 129 30 187 204 180 9 35 91 52 142 171
59 105 72 84 156 63 14 49 89 37 136 144
65 119 70 173 158 23 20 37 74 38 118 140
78 104 36 127 87 114 14 26 108 57 105 174
86 114 60 94 139 158 11 49 63 58 147 174
75 86 21 74 151 70 8 24 87 60 148 140
44 135 41 225 142 28 14 32 64 35 101 180
48 80 78 131 158 187 8 33 109 46 136 171
52 123 26 127 165 187 18 54 53 40 93 138
54 109 40 174 49 21 8 30 64 32 109 129
55 90 29 211 104 154 13 34 88 35 142 177
43 138 32 115 191 133 13 15 103 45 123 145
95 111 20 185 198 138 10 20 70 51 136 138
92 83 21 72 99 100 11 53 104 46 93 128
75 91 25 158 126 104 10 30 56 33 101 166
57 85 59 107 108 66 15 53 72 31 135 173
63 111 23 158 97 115 7 26 68 35 149 145
47 136 72 196 143 67 17 53 79 59 104 168
59 131 24 149 128 118 5 27 58 41 98 122
95 112 50 163 216 186 17 55 65 45 123 173
58 107 57 111 176 94 12 35 67 60 106 141
74 120 37 149 59 48 15 20 64 37 139 159
72 140 29 84 103 154 17 37 105 32 139 161
91 94 77 202 49 78 20 47 84 52 147 160
89 92 68 118 94 89 5 48 98 37 145 135
70 148 46 207 127 97 20 45 66 45 155 144
59 113 78 208 125 32 12 22 58 45 97 129
94 142 53 110 87 76 8 50 56 55 95 141
93 132 70 113 72 59 7 43 56 43 145 140
55 125 47 83 114 140 18 26 83 38 125 157
46 138 64 201 71 139 7 53 84 44 118 184
46 147 74 221 98 169 18 23 100 33 128 137
79 85 79 177 51 183 15 43 79 42 128 188
64 150 71 92 116 140 11 52 103 46 133 124
78 80 20 182 84 56 18 18 77 55 90 163
79 89 40 98 55 143 7 35 53 30 103 187
92 108 53 135 204 82 16 20 59 48 124 148
47 95 72 192 85 166 9 52 73 58 111 123
98 99 35 76 154 144 14 28 97 39 92 187
47 84 76 171 119 34 16 30 54 41 118 164
58 134 56 100 84 71 19 18 92 43 142 147
51 91 48 216 75 123 7 48 60 34 153 122
96 97 21 192 40 117 5 18 97 32 124 168
47 138 36 188 116 115 8 20 109 49 120 146
61 89 78 85 151 181 11 43 58 50 151 155
44 140 40 75 72 137 18 36 69 57 155 148
74 135 65 218 150 107 5 44 90 39 94 177
42 147 61 82 152 187 9 53 53 58 120 149
46 148 71 213 186 185 16 46 107 38 149 177
90 105 70 188 185 15 14 53 71 37 121 156
51 110 43 190 104 70 17 43 84 32 119 170
73 143 80 160 49 45 20 24 108 51 108 169
86 137 30 223 119 142 10 32 79 60 122 171
97 97 46 116 64 187 10 48 76 55 98 164
41 147 68 96 216 105 8 19 78 51 144 129
64 136 51 161 104 36 16 31 86 38 152 178
77 83 27 83 63 93 11 41 78 52 153 181
57 149 32 78 166 40 17 22 100 34 153 125
40 131 32 215 89 179 14 35 50 55 109 146
85 122 76 190 49 73 20 38 66 53 137 139
51 130 23 225 75 189 14 29 51 38 91 166
85 130 37 191 170 101 17 29 55 55 133 163
98 111 60 134 117 77 5 33 55 46 142 130
73 106 69 239 156 169 8 33 71 52 125 158
67 108 32 97 109 186 9 53 88 51 107 141
62 129 26 237 106 80 5 26 89 43 112 178
41 89 37 214 68 19 9 40 73 31 151 123
47 80 24 106 202 185 14 26 66 42 107 151
52 150 30 76 202 83 7 44 76 41 140 179
60 112 40 129 123 129 5 25 63 45 103 174
73 94 34 87 123 86 19 31 88 57 116 151
74 146 58 202 106 129 8 50 97 55 134 130
48 99 22 83 69 113 18 36 72 56 122 156
55 105 50 88 208 23 6 20 109 60 134 176
89 147 73 131 181 55 6 48 53 44 99 159
73 112 20 162 195 92 14 27 76 45 103 156
81 98 74 175 143 121 12 18 56 35 114 188
90 101 72 139 203 56 10 29 56 40 114 152
72 97 71 184 181 74 15 37 66 41 140 170
89 107 26 168 127 186 14 49 64 50 137 124
71 139 77 231 76 24 13 19 90 57 124 183
41 100 48 149 141 32 11 33 65 42 117 185
82 109 80 232 79 126 8 54 103 41 118 181
65 131 26 207 156 76 7 22 59 48 135 124
74 107 79 120 171 80 14 30 89 40 144 148
41 82 67 89 144 28 12 54 61 49 102 139
69 87 52 218 161 55 9 46 73 43 94 163
77 82 35 103 145 37 14 17 102 49 114 190
97 123 78 118 66 76 17 53 93 32 130 188
67 82 71 103 67 116 20 25 66 33 146 138
97 119 35 234 115 125 20 21 54 42 136 136
61 107 63 201 151 34 20 31 75 56 126 179
61 130 36 197 131 42 12 24 86 40 99 137
76 126 51 139 132 184 19 54 58 49 142 128
98 122 32 90 71 146 14 37 66 56 108 149
72 142 59 143 119 116 18 24 70 45 132 166
88 132 55 147 130 120 14 40 101 44 147 138
52 131 30 157 207 152 10 40 99 49 93 135
86 115 32 191 204 39 20 40 87 38 110 136
61 94 22 235 98 139 13 37 95 44 116 185
55 94 71 133 74 178 15 51 54 52 151 141
72 147 48 163 187 95 8 31 65 54 151 137
92 102 58 103 162 91 13 24 87 40 92 142
82 105 52 125 201 181 19 26 106 40 130 144
78 108 57 156 98 184 9 49 88 48 141 143
84 96 22 120 78 104 12 22 92 52 93 120
60 147 42 149 81 154 6 32 94 52 104 169
88 99 72 207 176 93 18 15 87 41 149 167
48 139 47 154 103 62 11 54 102 43 109 151
47 141 57 173 149 172 10 36 92 57 99 172
59 98 22 209 103 182 18 29 61 58 142 121
73 99 67 212 154 18 19 17 50 58 100 170
60 105 42 74 41 159 18 28 58 60 123 182
51 117 76 239 130 70 13 38 57 37 113 168
57 103 76 141 167 134 10 51 74 49 126 146
91 141 51 162 210 77 5 52 79 34 130 166
75 116 29 107 84 135 8 29 106 30 145 125
65 84 29 139 71 86 17 19 109 53 126 155
94 116 73 92 198 104 10 24 68 48 94 162
55 119 50 161 185 106 10 55 107 46 116 140
52 104 48 198 206 94 13 41 70 36 122 180
66 80 78 169 46 104 11 53 110 36 137 167
85 96 27 91 79 112 7 48 65 41 100 163
54 120 59 201 178 127 5 51 80 32 91 152
89 131 33 176 87 154 17 18 96 49 124 154
59 134 77 137 209 56 6 38 56 30 101 130
98 146 50 231 149 131 8 44 76 40 150 156
90 131 36 240 59 167 14 50 64 44 124 189
76 140 36 196 212 185 12 26 88 38 116 162
61 135 51 237 67 73 18 26 82 54 115 156
67 80 72 199 147 64 9 24 56 47 127 174
73 102 74 91 201 34 5 54 88 45 138 144
65 119 64 165 97 71 8 47 58 58 102 187
99 97 46 115 168 176 19 21 64 31 124 127
95 150 21 103 131 47 18 49 84 59 149 179
45 120 69 172 121 69 17 50 73 41 131 155
66 87 34 153 94 112 19 39 78 53 154 188
97 132 57 86 107 129 17 24 107 60 122 161
70 102 29 219 138 186 16 37 76 48 128 156
74 100 62 170 65 126 16 50 51 60 149 183
43 104 79 216 174 148 13 23 87 53 100 152
75 121 39 73 87 101 7 22 103 33 134 165
47 127 21 144 61 105 13 23 100 56 95 137
53 132 46 100 136 177 10 53 106 33 148 181
48 103 71 100 161 173 18 48 88 57 152 155
82 89 79 115 118 56 16 38 92 49 151 165
75 145 80 107 113 117 10 28 53 55 114 155
42 83 64 168 109 176 18 29 54 52 144 174
78 98 70 236 159 140 11 50 64 32 113 136
75 105 27 164 141 152 17 34 51 38 143 188
89 140 47 135 128 158 6 23 63 52 118 182
51 142 73 214 117 54 8 30 59 40 122 122
42 89 47 89 71 93 6 38 58 49 101 158
60 137 44 134 176 122 18 30 82 55 150 165
56 89 35 226 167 65 5 52 101 41 108 141
82 124 23 79 111 94 7 50 95 36 123 135
51 141 44 115 201 133 18 21 108 39 111 178
77 117 64 176 112 86 6 34 94 59 122 121
43 109 39 198 40 127 12 42 90 53 151 148
49 85 74 125 68 88 14 44 87 39 140 144
65 84 57 109 162 42 9 47 103 38 146 189
57 118 46 127 49 134 14 35 56 39 97 164
40 125 27 97 98 73 9 21 109 48 104 180
91 116 54 138 213 72 5 44 101 44 140 160
60 143 22 218 52 98 18 17 84 54 111 136
60 137 66 201 169 65 15 49 66 49 113 166
45 132 60 215 111 184 20 35 60 46 104 147
84 140 28 140 131 43 16 47 69 59 97 169
48 96 35 239 167 156 13 35 83 55 130 150
42 84 22 99 69 154 11 24 91 54 110 165
69 84 45 223 74 19 7 37 51 41 92 177
40 123 70 151 49 121 20 54 61 36 127 148
100 91 53 125 122 188 7 54 73 41 136 154
68 90 21 206 43 38 18 29 106 50 122 142
69 87 70 237 53 69 5 47 79 30 147 168
74 82 24 222 170 141 10 20 70 46 99 173
63 95 25 175 70 141 8 34 61 43 122 135
53 89 34 99 95 135 20 28 59 57 109 182
65 138 70 231 157 190 16 20 92 52 99 159
91 115 51 91 150 43 6 18 105 55 148 122
43 136 71 155 178 22 10 20 60 33 115 123
71 134 35 184 143 131 5 41 64 34 151 135
58 145 57 186 154 171 15 20 90 36 98 149
52 81 63 84 59 185 6 27 79 36 146 164
90 113 49 131 217 189 14 37 61 49 108 163
42 103 77 77 55 88 15 35 57 46 134 161
53 115 32 222 141 164 11 42 109 33 132 134
43 101 44 90 133 128 7 34 84 45 99 158
99 142 58 99 82 187 18 25 67 31 98 132
95 127 69 158 63 104 6 42 74 60 150 185
48 144 21 171 113 111 16 17 75 55 128 188
91 111 40 80 164 42 13 40 101 30 129 166
96 134 33 132 55 36 7 37 80 45 105 125
80 82 39 196 151 172 14 51 53 51 123 182
66 101 29 118 184 89 19 43 58 43 118 159
78 96 37 89 212 167 5 52 55 44 107 137
65 100 58 123 206 184 18 48 98 53 127 190
99 143 33 191 65 99 19 20 110 57 144 179
96 134 37 222 132 143 15 19 66 48 127 143
56 146 75 84 189 126 5 32 100 34 143 126
72 150 63 71 56 25 19 22 63 53 109 163
45 135 29 207 73 97 5 54 64 43 121 165
50 136 42 143 144 56 18 24 109 30 95 176
91 89 43 71 116 107 16 49 98 55 98 153
76 84 28 106 73 74 14 25 75 54 127 176
78 123 47 135 116 100 10 20 64 31 130 133
58 81 56 169 47 63 11 20 58 50 143 169
72 108 32 129 70 124 12 55 107 48 98 187
44 92 78 209 108 16 9 35 94 34 126 142
50 124 38 210 76 162 16 34 56 38 124 130
48 117 53 145 86 20 7 36 98 41 141 165
83 98 31 74 42 146 13 20 69 47 132 182
43 107 39 105 190 86 20 24 84 32 129 181
49 130 51 143 107 41 10 35 68 59 119 168
52 95 39 201 44 113 14 47 54 52 118 183
42 135 68 200 136 94 18 15 78 51 124 159
54 105 72 205 187 41 10 34 71 34 133 137
57 83 30 155 128 145 9 17 87 33 93 134
56 135 49 88 52 62 11 26 64 45 154 155
98 124 77 205 42 37 15 34 75 50 145 176
51 80 34 237 188 176 11 27 97 59 145 130
84 141 24 191 87 116 5 47 99 52 105 187
100 86 70 185 169 76 10 18 56 38 109 125
54 134 24 219 127 156 18 52 100 53 146 162
80 150 78 75 140 119 17 36 94 48 136 178
93 143 60 118 101 182 10 42 60 45 149 152
97 133 36 117 108 165 17 43 67 59 141 152
57 139 39 199 83 87 9 40 58 41 154 149
66 88 46 206 67 135 20 23 51 48 114 182
69 91 66 204 94 156 11 19 52 56 145 170
74 144 58 92 104 154 9 33 75 35 130 153
86 82 67 219 98 95 18 27 71 54 132 152
62 90 66 160 61 107 17 41 79 55 155 169
64 95 30 160 61 79 12 39 98 48 155 189
43 99 35 140 201 72 9 23 64 56 129 180
83 114 21 180 96 70 12 23 64 36 132 190
67 85 22 89 45 39 7 26 65 39 91 162
52 136 67 216 76 129 18 28 89 35 109 139
75 103 64 210 126 135 7 48 80 42 91 131
57 117 79 81 202 52 10 47 57 42 94 173
68 106 29 212 47 59 20 33 98 32 136 188
75 90 72 83 97 97 20 51 71 58 91 167
83 89 79 128 158 145 8 50 97 58 103 129
70 113 74 232 197 183 17 31 78 60 102 162
74 135 78 230 162 99 14 54 107 57 101 168
51 131 53 76 213 26 11 45 62 31 119 146
71 124 31 155 213 42 19 32 64 31 119 126
98 148 59 176 65 87 16 27 64 32 99 146
55 126 63 161 179 161 20 50 104 38 90 187
49 128 60 105 124 60 20 22 101 49 128 179
88 150 67 214 73 153 7 29 85 47 153 130
74 125 69 163 118 87 6 33 54 45 135 149
42 149 59 239 205 22 5 38 70 47 100 167
57 133 46 169 164 103 9 45 102 35 125 186
77 90 67 233 106 49 15 46 89 48 140 150
98 107 35 91 49 52 10 48 72 46 105 166
71 110 39 167 112 171 18 19 55 58 113 125
49 147 58 136 132 92 16 31 54 44 127 148
52 136 57 162 176 56 18 31 81 50 121 172
60 112 48 138 204 126 12 24 58 46 93 120
85 126 80 150 197 49 20 43 65 54 115 156
88 118 79 134 176 121 18 34 62 36 90 164
76 137 28 180 55 140 8 22 60 50 100 137
87 88 74 201 85 102 19 36 104 43 139 172
64 128 69 91 138 87 8 23 71 36 118 142
65 120 35 139 131 15 8 23 59 55 137 162
54 135 28 238 122 65 14 19 100 39 134 177
82 129 42 88 110 33 9 29 71 60 152 162
43 131 65 198 140 173 10 24 54 41 128 128
90 128 49 212 143 69 7 41 88 43 137 168
91 139 72 135 156 23 13 37 105 47 104 181
69 122 36 209 176 86 16 44 72 38 129 187
81 141 72 203 58 145 20 51 56 35 151 146
73 116 44 78 187 187 20 46 77 30 124 167
85 147 75 130 219 183 14 28 59 41 134 185
51 108 54 125 127 29 17 33 70 55 127 175
94 105 56 82 137 147 16 21 74 30 111 166
85 118 76 116 149 173 12 51 65 59 113 173
55 89 35 161 196 65 11 50 80 60 155 154
94 118 24 177 62 184 11 24 61 45 122 150
40 103 24 204 107 89 17 31 108 52 105 159
62 113 67 142 161 83 18 52 70 51 93 190
67 132 39 191 59 155 6 17 110 59 103 164
92 85 59 210 105 90 18 31 103 40 138 121
55 85 55 77 130 177 13 42 78 31 127 159
75 117 35 179 164 33 15 33 85 32 143 126
90 148 50 162 99 60 20 55 103 59 119 120
97 88 44 71 186 83 18 18 56 56 110 155
67 142 44 135 203 182 14 49 69 30 116 167
50 83 73 227 77 169 7 53 68 42 140 134
41 143 52 133 85 92 12 29 100 37 138 128
92 124 74 196 122 187 17 16 61 50 128 148
64 129 33 201 188 88 15 28 57 54 117 170
43 120 63 177 206 178 12 16 68 38 137 121
62 143 39 129 190 20 8 54 55 50 139 153
92 127 48 183 83 134 17 49 62 30 129 148
53 137 30 114 103 78 13 52 67 40 120 179
90 132 54 89 141 189 18 55 91 35 119 131
60 87 52 111 105 45 6 52 69 56 144 166
88 142 66 89 81 71 5 43 52 38 134 175
48 120 41 142 111 188 20 41 99 42 120 156
52 90 43 105 177 84 14 20 105 31 90 151
65 88 72 128 181 49 14 41 66 39 112 140
98 109 73 197 177 57 7 28 53 45 132 181
71 98 44 189 110 47 18 31 77 41 93 146
45 133 76 124 132 61 15 26 90 55 127 157
68 106 27 195 114 180 5 43 63 55 148 121
51 119 57 180 127 89 16 54 84 41 92 158
74 109 46 151 100 135 5 28 94 44 151 170
76 86 77 152 62 22 11 16 80 41 142 165
61 82 67 154 163 71 18 40 86 60 109 142
87 146 20 175 162 62 12 39 56 52 141 162
80 99 33 147 152 100 13 20 94 37 124 144
59 101 42 201 210 84 15 47 54 50 143 121
72 137 69 193 140 166 19 37 85 38 114 136
53 140 74 93 208 54 14 20 90 51 113 188
49 107 27 84 77 144 8 26 59 31 112 163
46 88 21 174 180 114 18 55 58 31 145 166
91 129 24 168 114 51 17 29 90 49 124 131
64 81 51 129 42 122 17 16 110 50 149 148
77 112 34 74 100 117 20 41 58 46 135 154
53 121 73 103 43 74 11 20 87 48 126 150
52 101 54 156 145 30 18 50 63 44 143 140
59 95 66 142 54 22 18 53 108 49 150 154
89 102 53 89 109 68 12 48 92 41 104 120
48 100 51 179 47 97 16 19 86 37 143 178
55 84 58 179 68 176 16 48 94 58 111 143
68 142 29 203 51 186 14 44 72 37 139 171
81 87 49 103 42 98 17 51 103 50 148 182
46 109 65 178 88 169 15 54 74 35 121 173
90 126 68 194 64 53 10 51 84 60 115 151
70 80 37 158 40 169 7 19 84 56 100 156
53 125 39 193 45 154 15 35 54 51 130 122
91 130 20 109 98 147 8 21 83 46 147 134
56 117 21 155 173 96 18 19 61 55 113 163
69 128 53 158 139 190 9 50 61 47 146 153
52 103 31 211 191 133 6 37 108 32 96 171
80 149 46 222 58 17 10 24 110 43 144 156
72 86 37 110 53 140 16 21 76 32 95 142
84 140 74 238 67 116 8 17 110 59 145 171
57 109 35 155 188 31 5 27 63 59 109 139
97 113 38 119 110 145 10 28 94 44 137 123
59 118 20 206 217 106 17 35 100 32 137 175
47 146 26 105 40 177 8 23 82 55 114 187
51 112 58 226 107 39 8 17 97 34 99 177
89 91 25 181 196 120 9 46 99 59 125 178
58 131 51 98 81 64 5 18 71 43 100 180
87 123 32 141 64 65 15 54 68 39 124 125
71 133 35 194 114 69 8 49 86 40 116 183
86 94 48 186 46 127 20 33 53 58 109 169
45 87 24 181 121 86 14 31 57 41 108 168
63 126 38 189 160 96 14 41 91 40 96 138
86 117 79 85 68 53 10 49 72 49 101 190
49 82 33 190 143 38 5 24 80 54 124 160
75 84 37 223 196 16 7 46 64 30 113 142
77 109 48 179 142 52 14 24 87 55 155 144
82 148 35 156 71 139 12 26 81 52 123 177
75 83 24 235 48 114 19 47 109 33 104 143
79 80 49 203 111 49 20 45 109 42 96 181
92 142 55 187 40 185 18 33 55 49 137 120
82 149 68 156 76 17 7 55 61 51 117 125
54 109 60 152 217 103 19 24 87 36 106 129
77 99 45 80 208 59 10 15 64 57 141 138
71 137 45 157 98 39 16 39 79 54 130 137
79 102 71 155 52 125 18 39 61 30 110 188
47 122 32 110 160 141 16 38 72 30 128 142
78 119 44 159 67 73 7 55 51 38 96 127
45 112 32 164 107 172 18 38 61 56 129 175
70 124 71 129 124 156 12 33 103 36 149 161
81 117 58 195 132 23 11 30 102 43 152 189
72 130 36 165 101 143 9 28 91 31 126 149
86 102 55 115 131 104 18 39 63 38 144 154
86 128 54 206 183 118 9 16 99 50 98 186
67 82 65 179 195 123 12 52 107 58 149 162
45 84 72 130 93 122 11 40 102 37 114 180
68 128 33 146 155 184 15 16 100 44 131 168
69 146 40 234 68 65 17 28 68 57 134 136
42 149 25 207 190 30 18 40 104 59 150 158
45 80 42 123 49 189 20 29 93 52 94 147
96 112 79 137 138 61 14 22 51 50 136 182
61 131 30 199 104 29 18 21 57 55 119 182
82 97 64 138 62 41 10 49 63 48 154 162
90 118 23 194 103 77 19 41 104 42 119 124
90 110 22 173 76 25 7 31 81 58 142 173
56 85 67 177 67 117 12 55 58 40 141 147
74 149 30 114 196 20 13 50 54 39 120 144
72 105 48 78 177 148 17 55 58 52 90 135
72 96 41 138 190 146 13 37 93 42 133 129
42 85 71 126 40 53 16 28 108 60 146 171
66 84 21 90 195 174 12 42 71 47 110 164
74 122 49 213 180 80 5 19 103 60 147 164
72 85 24 141 69 163 14 22 56 43 114 145
78 102 22 139 140 172 18 50 91 30 139 176
84 117 52 120 40 138 6 43 77 38 121 130
72 143 30 198 40 172 13 45 52 45 116 139
91 117 60 76 71 135 7 32 109 44 90 157
58 122 28 99 194 101 7 51 57 56 100 137
53 143 39 105 182 187 16 37 107 39 95 136
100 83 75 109 166 126 15 39 95 46 117 165
40 95 22 80 135 73 15 21 52 51 150 182
51 143 63 82 136 44 7 37 95 40 140 134
88 117 24 183 182 59 5 52 51 46 130 148
98 106 56 192 51 113 14 24 94 51 123 171
57 135 40 71 95 79 8 24 87 39 91 184
59 142 52 185 65 171 12 33 63 51 101 170
74 84 61 82 157 143 6 46 54 42 96 161
63 130 73 115 114 98 16 55 73 53 146 190
93 137 39 207 115 29 6 38 58 51 143 190
93 92 65 221 63 153 12 41 60 46 100 128
55 132 48 176 66 118 5 36 84 38 120 161
44 85 63 135 192 28 9 19 105 33 120 127
63 146 72 116 60 61 17 40 103 51 139 149
41 143 64 238 67 182 15 30 72 41 139 175
74 80 27 83 70 140 9 23 67 56 118 150
66 150 24 89 82 20 8 41 94 46 129 175
46 86 31 153 115 85 6 31 102 37 111 120
48 125 34 166 139 19 19 46 63 41 105 122
98 86 22 221 212 172 19 43 56 50 141 122
56 144 38 239 198 35 20 27 86 30 153 153
87 127 44 185 102 148 9 39 83 40 95 171
81 100 37 82 152 34 16 19 51 54 117 178
83 129 28 96 103 100 11 43 53 51 149 129
59 148 34 225 53 161 14 42 88 37 93 163
44 112 66 80 80 35 10 48 108 50 114 179
98 105 59 131 211 165 19 15 106 33 146 149
96 131 48 148 128 49 17 44 68 30 138 141
68 80 61 136 189 23 6 46 101 41 106 134
55 145 77 162 103 84 11 15 110 39 110 140
80 112 62 86 158 81 10 38 91 50 124 136
100 114 41 89 159 164 19 48 103 39 131 179
57 113 32 224 137 19 19 49 100 35 135 177
97 90 74 95 85 107 12 33 87 43 121 134
60 146 37 162 80 125 9 50 53 48 130 123
83 91 32 237 198 121 13 54 67 52 119 139
73 144 23 163 180 52 7 29 57 47 145 151
51 81 49 77 119 89 19 15 85 34 91 157
95 129 61 149 144 16 16 54 93 43 96 182
96 110 60 201 205 108 9 27 97 41 148 189
57 95 25 224 161 53 15 43 62 33 94 169
67 98 45 158 164 112 20 38 79 32 127 175
58 91 64 74 97 177 10 50 81 57 149 126
90 130 71 232 167 134 19 31 60 34 125 157
49 119 35 140 188 94 5 24 86 41 145 162
74 95 45 173 213 33 15 31 105 53 116 150
97 118 46 173 132 72 15 51 102 31 127 157
49 101 65 194 84 124 11 41 88 31 146 157
86 107 46 219 201 153 14 51 79 55 97 125
45 82 33 189 194 116 16 54 97 31 110 146
76 124 59 137 160 168 7 41 71 38 111 181
78 137 80 148 88 99 11 23 59 38 137 133
53 140 62 204 87 35 18 42 108 45 139 150
80 146 44 73 122 93 8 55 87 35 103 151
99 100 80 81 219 42 15 53 109 49 97 120
47 149 78 205 106 46 8 15 54 40 129 187
65 89 46 72 92 148 18 47 63 55 131 128
59 109 75 233 190 37 8 42 83 35 119 150
62 126 25 166 80 141 20 49 108 51 122 120
98 118 24 199 164 181 18 21 73 46 103 144
59 147 25 176 118 93 18 47 103 39 105 124
53 128 55 167 115 128 12 36 74 41 119 180
50 145 80 106 161 118 16 25 56 53 139 145
59 102 68 150 92 39 6 34 69 53 112 145
42 144 51 179 136 96 18 47 60 47 108 188
44 83 45 219 50 179 6 15 108 33 139 128
67 106 23 71 60 49 18 18 53 48 97 127
43 134 58 195 102 52 6 24 89 56 146 177
60 114 47 192 46 146 13 21 84 49 123 160
74 113 31 109 170 60 8 24 51 42 144 147
46 114 37 117 75 168 12 55 92 47 106 122
88 146 53 70 109 165 20 29 90 45 144 176
60 110 73 153 129 177 8 28 70 58 128 157
87 102 54 238 117 114 16 24 65 44 131 168
100 124 43 89 202 106 18 53 106 44 147 150
80 138 80 213 69 134 7 43 54 40 106 129
92 134 48 237 217 84 10 44 82 43 113 166
60 108 31 107 131 134 8 53 89 35 130 148
64 143 39 131 165 95 17 21 52 38 122 162
66 101 73 229 141 58 7 16 68 49 96 161
59 122 49 198 91 22 16 18 84 58 123 126
89 125 72 149 215 79 13 18 86 47 154 168
80 107 32 97 81 113 7 15 74 43 139 148
98 108 80 237 106 32 20 52 94 39 125 162
91 104 78 216 210 126 9 47 81 45 132 126
70 90 56 111 118 112 16 18 104 37 112 149
65 115 56 146 69 38 15 15 102 48 131 124
98 126 37 167 168 171 14 48 64 35 122 177
77 102 56 165 85 181 11 35 88 35 124 150
80 85 53 179 123 102 19 19 101 48 115 171
98 138 71 181 88 18 8 19 75 41 102 150
91 102 67 117 148 184 18 43 95 45 136 142
87 96 25 165 140 127 12 34 56 40 150 174
59 150 32 123 193 35 9 51 108 60 123 187
96 141 52 131 192 99 7 17 96 32 104 135
42 136 24 126 219 177 18 52 95 47 114 171
93 123 27 187 209 138 10 22 62 58 122 183
99 87 65 203 64 110 7 36 64 45 155 134
82 131 35 132 45 61 19 25 103 41 155 155
77 122 57 161 195 50 5 26 67 48 138 177
62 141 32 175 70 182 11 32 96 37 142 176
89 122 22 95 152 64 13 54 91 30 148 139
88 133 60 71 115 62 10 20 103 38 90 161
53 116 28 103 214 89 6 42 88 31 140 172
61 133 75 217 170 83 5 22 68 41 110 125
64 134 75 230 167 186 5 46 57 37 111 167
61 136 52 221 156 36 18 48 96 30 99 180
99 118 68 240 219 68 12 51 76 58 104 185
67 92 71 217 124 145 19 19 54 44 142 136
91 86 80 191 182 104 19 24 74 51 142 147
44 101 62 150 207 94 18 31 73 46 108 182
54 143 33 78 92 137 19 46 108 42 106 168
86 115 23 169 96 111 6 52 79 53 103 131
90 121 78 196 208 106 5 25 60 43 92 125
71 136 61 96 158 158 11 50 105 59 132 147
77 116 62 180 178 180 6 18 58 55 143 161
61 106 75 89 55 167 7 51 83 45 126 122
42 113 31 149 105 36 8 36 85 33 130 184
79 125 76 136 201 159 18 55 75 32 102 185
58 118 77 140 42 161 7 20 68 31 92 126
88 112 59 157 75 15 19 54 76 38 133 159
98 129 75 208 206 123 12 36 109 47 105 122
45 89 52 212 101 67 17 23 90 32 135 173
53 120 69 201 155 158 13 41 87 36 142 135
89 120 47 188 177 180 20 46 50 59 126 174
63 119 24 129 156 176 10 23 56 45 95 133
82 133 60 133 110 123 20 30 106 56 132 180
44 92 59 209 149 72 10 48 80 56 99 135
61 89 55 70 127 142 6 53 110 38 144 133
94 81 39 86 108 96 12 49 55 41 138 163
91 124 77 81 185 25 10 40 101 54 120 138
46 87 50 232 203 16 12 19 54 48 147 172
99 93 37 150 88 42 5 16 81 58 117 167
57 90 71 98 149 73 9 49 83 57 133 169
98 96 36 88 185 161 16 15 61 55 102 152
93 118 24 240 148 40 7 27 62 52 121 185
54 122 31 94 184 72 8 50 75 50 134 172
47 105 36 155 157 27 11 25 106 31 128 128
41 134 49 71 154 127 6 52 64 33 134 186
79 138 45 110 148 30 9 37 61 42 105 150
83 96 78 146 211 122 8 34 72 30 126 184
40 124 61 184 210 24 17 22 80 49 149 156
49 136 61 125 156 57 7 26 81 36 116 132
55 86 80 148 59 122 20 51 78 54 139 167
96 146 48 93 66 106 10 20 92 45 102 153
70 143 75 187 119 104 7 34 78 37 128 176
66 108 26 193 164 103 17 40 109 60 110 172
65 138 50 97 55 91 8 43 82 57 123 150
64 133 38 189 103 151 10 45 59 31 147 182
55 142 51 100 180 115 19 50 103 47 135 148
89 115 57 103 153 141 6 25 110 50 123 187
51 99 72 153 184 127 10 27 58 44 103 151
98 115 39 73 208 146 19 29 108 44 111 176
79 107 57 121 142 27 12 35 84 60 114 185
54 107 31 163 60 90 16 45 101 57 120 190
48 135 29 123 211 40 6 28 69 48 148 185
51 99 69 201 209 146 6 49 61 57 91 175
77 145 59 174 218 78 7 28 101 49 112 131
60 146 49 222 86 36 16 48 66 35 109 168
92 117 25 79 40 180 8 35 73 38 128 174
61 143 35 162 194 123 19 45 77 47 148 186
42 88 64 172 60 43 7 29 105 32 143 147
93 142 46 199 142 103 6 26 86 35 128 182
67 110 35 165 215 25 7 24 95 44 149 134
56 117 34 209 207 124 11 18 74 56 95 178
53 82 21 193 116 72 16 32 76 59 153 169
52 115 70 142 135 25 14 52 77 42 97 151
88 92 45 84 68 117 5 24 55 56 108 143
60 90 68 80 89 33 12 39 99 51 123 133
79 98 54 191 139 165 6 27 59 48 146 125
83 130 78 215 89 162 12 29 67 59 116 168
57 103 75 235 105 50 13 30 89 49 97 165
58 145 38 239 212 140 17 46 108 31 152 185
52 113 35 233 102 122 7 34 80 47 126 167
51 143 57 83 178 150 10 29 105 33 96 155
68 129 74 71 76 71 5 42 96 37 108 172
68 144 34 212 70 85 5 51 73 31 95 134
68 110 56 184 105 95 18 50 56 33 121 177
91 146 73 159 147 169 10 24 85 58 118 169
60 109 71 150 109 71 10 29 83 51 144 138
46 117 60 228 169 17 15 49 76 32 92 165
78 99 56 122 107 79 8 23 58 42 114 182
51 92 27 208 207 21 10 47 106 59 90 158
49 100 25 237 161 50 16 17 102 40 149 150
58 82 28 212 118 186 15 31 84 51 141 178
89 81 56 155 68 52 18 53 78 40 137 187
56 117 61 153 126 41 11 34 86 53 132 186
67 105 21 131 101 138 11 18 107 32 138 189
50 86 46 90 196 82 11 45 77 53 132 124
84 90 60 216 95 128 7 27 80 44 117 185
68 132 31 113 87 21 13 48 58 50 149 181
87 102 59 139 189 69 20 40 67 34 113 159
66 150 64 96 115 75 8 40 95 33 136 121
95 133 58 186 210 112 17 38 93 50 112 157
72 86 45 115 106 70 12 54 56 41 126 167
93 139 68 208 195 104 13 32 69 33 135 128
41 101 74 95 133 188 16 33 50 37 134 157
77 124 52 214 47 183 18 42 65 56 149 151
76 138 20 101 187 145 5 43 65 52 144 179
60 126 25 201 59 142 16 42 76 33 90 163
52 118 78 120 159 106 12 55 101 60 152 171
97 97 21 176 105 188 19 55 70 45 101 134
47 97 24 191 175 96 14 54 110 48 101 176
92 128 78 208 171 151 19 37 98 57 102 169
65 80 42 187 62 118 14 32 103 42 152 178
99 108 63 90 94 183 19 30 71 39 132 141
81 102 35 196 163 178 19 47 80 53 122 150
83 140 29 127 157 150 18 51 67 50 117 190
72 97 27 117 100 79 13 42 72 30 154 168
54 146 76 81 110 39 9 23 82 45 120 128
41 135 25 177 201 37 8 15 68 55 147 176
67 136 34 175 139 58 15 23 93 49 128 165
80 131 72 178 158 155 16 37 56 49 128 168
64 87 24 102 133 22 11 18 69 55 100 148
67 148 58 188 86 174 5 46 79 31 140 128
78 94 50 232 208 34 9 38 81 58 123 159
88 93 52 213 95 55 14 46 90 45 90 167
67 119 46 163 104 117 7 52 55 49 133 134
53 112 26 156 70 24 8 39 58 55 129 149
60 117 64 212 205 166 11 40 86 32 135 168
45 127 49 181 51 70 10 33 73 37 121 184
100 94 32 191 211 43 19 39 107 54 124 166
63 148 39 101 128 174 5 40 88 45 116 181
49 113 49 164 72 103 7 33 108 32 155 131
99 121 60 71 170 138 8 40 61 49 139 156
63 103 28 73 105 124 19 42 53 57 151 177
61 83 72 155 69 190 20 42 75 46 127 170
98 93 48 118 181 62 14 44 92 55 100 144
55 130 29 221 57 160 13 37 107 52 92 141
90 144 42 186 100 96 16 45 71 50 128 143
44 137 46 174 139 109 11 38 91 35 151 140
96 101 63 136 213 182 11 46 51 38 108 179
64 119 42 98 94 44 7 51 84 44 155 163
75 137 38 183 107 118 15 53 71 39 137 176
46 81 37 106 122 79 11 46 78 48 136 165
73 148 53 213 157 82 10 35 62 53 136 133
91 82 40 157 140 126 16 39 50 34 94 156
63 136 20 161 130 164 5 24 89 52 122 176
93 84 65 127 125 162 7 25 89 53 112 179
68 144 32 136 94 141 5 23 78 54 102 154
76 107 69 104 138 41 9 15 77 37 132 180
76 123 30 139 152 24 10 23 106 39 99 123
88 111 64 87 210 187 18 31 85 51 113 138
43 123 55 192 198 130 6 44 89 32 105 131
47 148 22 236 110 152 12 46 101 31 93 179
93 99 32 70 67 110 6 34 87 56 95 179
88 135 23 101 91 161 6 35 84 43 111 158
53 147 56 93 119 91 12 16 52 44 136 120
98 137 42 221 45 166 17 27 109 40 102 174
54 95 36 99 193 108 19 37 80 49 116 158
54 109 57 200 156 116 20 50 85 32 152 179
91 130 80 240 55 145 9 51 75 58 128 156
87 91 52 100 132 69 9 20 109 36 145 124
84 111 63 183 136 174 20 17 92 56 154 139
87 108 73 196 111 45 14 33 99 59 144 167
40 147 43 119 150 22 7 48 64 53 131 178
77 99 37 210 139 146 5 29 94 59 141 177
45 133 21 71 188 129 10 23 83 50 93 120
82 117 55 71 77 124 11 50 106 49 102 144
96 94 25 87 186 25 16 55 59 47 133 175
68 101 55 77 193 115 7 17 76 37 155 163
75 96 77 180 64 112 11 17 58 33 91 168
43 132 27 230 216 97 7 43 68 55 133 164
66 144 51 233 212 148 15 30 110 31 92 167
60 118 21 81 97 67 5 52 84 59 104 164
84 124 57 80 192 99 7 41 69 36 135 131
76 124 69 81 99 37 7 54 96 45 111 152
72 142 28 238 71 99 8 40 55 51 127 163
84 84 80 185 100 48 10 46 100 39 131 146
54 147 57 93 53 23 18 21 58 31 134 176
40 102 28 91 206 57 5 18 72 58 151 158
88 142 30 218 167 85 17 21 69 58 146 186
69 143 72 72 41 132 13 48 94 55 117 173
51 88 20 150 184 49 16 15 70 59 148 142
75 94 23 177 219 138 11 44 53 37 126 142
40 87 45 86 136 35 14 15 79 49 144 164
85 113 62 94 98 89 15 33 63 53 128 147
66 121 26 239 161 99 12 22 99 57 91 167
63 142 51 220 71 61 10 45 51 34 133 188
70 92 66 153 117 133 19 26 79 35 122 126
93 89 27 70 190 86 15 33 61 35 113 178
99 139 61 159 135 38 15 15 85 42 98 124
83 96 52 109 136 31 8 19 101 58 92 148
50 139 63 157 125 18 11 34 82 49 126 157
45 150 49 188 43 183 7 47 85 51 111 165
68 99 79 98 74 154 17 53 67 35 124 155
66 116 53 235 170 53 18 24 68 54 143 190
57 124 36 164 91 163 13 48 58 52 115 178
49 129 53 153 117 177 18 33 98 51 140 159
83 85 30 146 104 166 18 54 108 36 138 182
81 98 27 232 203 53 15 26 102 49 138 149
48 109 65 214 162 60 13 44 89 51 145 187
90 100 60 118 111 119 16 23 103 31 100 132
56 89 55 160 190 106 7 16 104 48 143 120
69 114 68 189 67 33 17 20 77 52 105 190
76 143 20 195 92 135 5 27 86 51 96 138
90 120 20 187 212 127 5 16 107 34 129 172
50 140 28 115 211 69 20 55 96 60 96 159
77 83 55 240 115 145 17 15 53 48 148 150
84 82 72 146 123 55 19 21 95 30 123 161
65 99 23 154 124 62 16 27 80 31 118 139
62 92 25 118 133 127 10 36 58 54 107 150
91 127 39 110 131 73 7 46 51 42 148 189
76 111 30 194 176 145 16 26 101 48 91 183
69 96 76 75 100 149 18 19 67 60 124 153
69 128 79 200 151 99 19 46 72 32 106 123
51 80 24 179 145 65 14 26 69 47 107 140
90 109 78 126 51 15 20 24 77 54 129 175
76 90 47 193 208 31 15 37 68 48 154 181
88 127 55 216 192 174 7 27 84 49 91 150
84 109 20 120 152 161 20 50 92 41 121 183
48 121 34 168 52 76 11 28 66 59 123 165
78 80 64 195 198 74 12 40 53 45 91 189
44 113 37 98 195 41 7 36 56 52 108 130
50 110 59 80 46 60 7 27 78 54 100 131
49 86 53 96 51 48 9 27 77 35 131 139
69 143 57 78 149 56 18 17 99 55 119 146
68 130 46 182 219 119 18 36 90 55 107 184
43 113 50 98 59 77 18 54 108 53 142 130
44 150 38 187 51 188 10 41 97 32 99 132
56 80 41 132 138 123 11 18 103 55 147 123
80 136 45 73 104 25 18 32 59 52 131 155
86 110 55 117 185 163 17 50 58 39 132 159
83 124 79 197 137 110 15 51 81 35 120 170
96 148 54 140 106 61 17 48 103 43 115 129
47 135 30 217 129 15 17 28 102 55 95 152
84 113 56 184 67 145 5 26 61 50 93 139
41 105 74 88 88 123 10 52 91 41 144 148
67 133 78 193 210 154 14 15 56 34 95 174
62 91 30 156 217 155 17 36 110 40 110 140
88 117 36 154 101 141 7 30 68 35 96 151
77 145 20 229 213 35 14 54 72 47 106 186
54 90 70 184 65 81 14 51 54 34 121 159
93 133 52 102 207 70 16 35 64 55 146 175
95 132 32 196 171 96 11 50 62 56 93 157
95 90 25 154 186 109 15 16 87 40 90 181
62 120 47 90 200 173 14 30 85 36 125 181
45 88 54 189 56 176 15 34 105 34 92 138
69 122 43 136 63 101 13 24 98 39 117 140
83 134 38 80 152 162 7 40 54 41 109 161
55 91 69 239 143 33 11 23 106 51 96 190
56 145 65 198 212 45 18 45 96 48 90 178
64 123 44 163 144 183 17 48 74 36 149 160
88 85 34 100 129 126 15 16 97 35 101 182
93 96 31 85 119 37 16 44 81 37 111 146
97 86 30 121 115 120 6 47 95 40 136 149
63 82 61 129 105 105 6 23 99 52 112 153
56 107 28 71 197 42 18 50 77 46 145 145
56 83 32 221 165 65 14 19 88 36 103 184
49 84 75 81 57 149 6 41 105 50 120 180
86 116 43 167 42 41 16 24 77 50 94 122
95 127 71 171 76 137 13 46 59 57 142 169
100 146 20 112 197 38 9 33 77 36 140 161
51 146 40 141 72 90 20 22 99 57 91 185
48 122 32 135 87 19 20 23 78 45 123 138
86 137 71 221 64 156 5 33 51 56 139 124
99 127 55 142 217 180 12 21 54 58 125 168
93 115 77 154 51 183 12 34 106 52 97 158
64 105 69 118 72 158 16 21 60 45 122 174
69 129 43 168 218 55 6 33 89 44 109 190
97 83 49 140 141 146 6 19 66 40 133 181
77 98 76 104 117 88 20 29 69 48 95 122
75 109 36 139 159 185 20 15 52 54 91 127
63 81 58 157 78 125 19 23 61 55 113 144
96 128 40 222 213 142 8 34 56 39 92 187
88 113 43 238 219 176 7 16 105 57 155 129
55 135 55 220 153 170 10 50 64 59 136 170
98 107 34 239 128 46 5 40 92 53 145 153
76 147 24 182 71 185 8 47 74 52 108 151
54 86 72 143 124 153 7 44 94 51 121 141
42 97 51 192 75 70 14 45 108 37 146 175
84 141 54 161 96 107 14 47 106 45 127 159
83 125 35 110 75 155 13 46 80 44 114 168
84 98 40 101 175 73 19 26 67 50 99 185
56 80 64 222 67 50 5 16 63 39 149 143
89 131 69 172 81 114 8 45 99 46 129 132
96 110 61 108 206 73 5 51 88 39 110 170
57 149 48 131 146 163 16 35 92 37 97 169
68 84 57 112 211 99 12 43 91 35 137 172
99 135 65 161 166 40 10 54 94 58 92 129
47 115 62 218 80 120 20 26 78 35 154 185
40 96 30 208 203 67 19 52 80 49 104 173
47 132 49 210 129 24 16 16 50 56 138 174
64 98 32 202 94 68 7 33 80 47 104 159
76 123 69 152 70 124 18 45 110 31 109 164
92 114 45 149 189 135 17 52 75 55 140 169
73 104 40 136 111 126 13 32 102 37 115 132
65 129 67 118 155 56 20 49 77 56 137 177
60 140 47 115 60 81 15 41 85 32 139 146
57 121 41 200 207 177 17 50 106 46 106 179
71 134 61 103 108 61 16 15 101 48 117 161
94 149 44 224 132 77 16 30 105 37 153 158
97 87 77 120 180 141 19 36 85 58 107 121
40 130 57 168 51 144 12 34 86 32 118 171
65 110 59 151 188 32 8 34 78 36 106 151
61 149 55 91 66 187 7 35 71 48 101 170
40 85 49 159 97 189 5 35 70 44 152 179
96 134 76 145 200 47 19 18 54 55 137 126
56 90 65 231 114 71 5 18 66 59 112 151
79 110 53 135 129 69 5 32 53 54 127 146
64 88 47 217 44 120 11 28 52 47 149 181
70 87 74 112 85 111 6 46 83 45 98 128
48 92 77 124 71 104 9 52 64 38 118 186
93 112 48 108 169 76 15 15 97 59 150 136
50 108 31 153 131 24 18 55 103 37 100 134
72 146 40 196 120 42 6 35 89 53 106 190
93 123 56 119 180 130 9 18 82 55 124 123
81 85 32 82 192 173 6 36 54 33 109 154
59 137 55 155 164 112 15 33 102 39 149 134
80 104 48 149 186 128 6 26 81 41 150 182
92 111 37 99 79 172 8 16 69 54 155 149
67 87 57 187 125 35 11 49 69 53 92 123
51 137 51 232 62 168 19 51 80 48 115 184
99 140 62 235 94 107 20 55 95 45 143 141
59 91 59 176 50 49 14 40 103 53 117 126
63 141 64 76 193 26 11 41 109 53 116 180
51 100 64 202 146 135 7 55 84 60 146 127
68 121 45 226 77 119 18 47 90 60 132 170
41 148 34 127 194 171 19 47 66 42 94 157
87 104 50 73 82 93 20 48 64 54 107 161
85 85 35 194 170 167 18 40 81 42 135 140
56 111 23 206 41 135 17 52 60 39 141 172
56 82 31 168 216 136 12 25 63 41 102 143
74 83 67 182 57 130 13 50 51 54 111 166
92 146 54 175 104 94 17 27 65 53 101 151
66 82 61 178 56 50 17 55 54 50 125 183
65 86 31 188 107 85 7 24 70 39 106 132
91 142 24 93 202 38 9 26 53 35 91 141
98 146 24 234 148 164 16 16 94 59 108 150
64 130 45 178 83 99 7 45 66 46 121 172
99 88 74 123 199 58 11 40 57 54 149 167
82 107 51 116 67 127 10 55 103 44 131 183
75 94 77 216 64 73 11 51 67 37 90 179
55 83 50 167 145 181 14 15 54 54 134 143
92 142 76 133 154 173 18 27 73 32 106 142
54 89 73 209 111 135 11 38 60 38 135 182
50 102 24 71 193 189 7 23 104 57 130 164
60 109 80 175 103 82 10 26 76 55 153 132
81 150 46 225 63 93 19 18 80 51 110 125
99 111 40 205 201 116 20 47 107 43 138 137
47 95 62 83 89 47 16 23 57 53 91 122
81 139 75 180 67 32 5 21 79 43 115 134
79 141 78 128 190 180 18 38 87 40 105 153
60 112 44 168 175 131 19 22 68 42 122 123
48 95 64 192 193 172 17 22 97 54 123 160
96 104 42 122 184 57 16 34 78 41 141 157
77 127 60 196 129 149 9 23 84 51 154 186
41 108 72 127 207 71 13 31 100 56 114 185
58 114 62 205 67 17 11 42 64 52 144 182
62 134 57 185 179 96 18 33 52 40 132 142
63 115 59 184 96 95 17 20 94 57 109 164
74 107 33 138 148 26 7 31 61 59 106 173
71 96 56 115 110 168 5 54 102 49 130 179
61 136 60 177 101 16 11 48 102 55 98 152
41 119 48 77 203 105 11 21 76 52 104 183
100 93 53 164 211 101 12 31 107 51 97 140
70 128 64 104 158 77 17 54 108 44 91 181
92 118 66 222 79 137 5 55 103 30 100 165
47 84 38 169 68 49 14 23 108 55 122 172
59 108 40 130 134 62 11 35 64 46 143 154
52 95 78 183 50 104 13 40 95 40 131 185
87 136 39 74 83 106 18 16 61 41 96 128
96 96 48 190 160 172 9 54 84 60 125 122
88 89 64 170 207 24 9 37 97 46 149 153
58 145 60 99 193 91 18 42 106 35 109 181
62 80 37 234 58 26 9 49 108 52 134 177
96 83 59 179 183 156 14 51 106 44 99 155
76 92 58 208 195 92 16 18 67 53 144 163
42 127 53 88 190 35 10 28 73 38 92 186
91 108 55 169 194 58 11 23 70 34 94 156
54 142 56 136 218 106 6 43 86 35 150 142
86 89 42 235 154 71 6 41 78 59 107 165
75 104 71 154 67 141 12 16 66 39 126 177
68 129 43 199 152 187 5 43 65 57 125 154
58 147 42 129 161 45 14 22 56 51 130 168
48 91 20 117 124 163 7 24 98 36 99 178
48 96 23 193 216 94 8 41 63 40 150 188
64 136 74 240 128 41 8 51 66 53 145 165
41 142 21 237 175 174 9 54 67 35 96 176
77 87 51 121 193 109 18 37 98 37 142 182
40 124 28 240 117 168 11 54 108 49 108 147
93 149 74 89 42 67 11 52 98 45 100 177
63 150 72 167 59 172 12 22 64 56 121 124
79 122 53 184 163 188 16 30 84 39 90 183
64 134 34 186 138 137 19 49 107 44 110 141
76 136 66 80 67 179 5 38 70 52 144 135
75 88 69 163 220 124 7 53 107 54 122 159
57 103 58 137 215 133 13 32 102 60 135 150
97 150 36 191 82 100 17 26 70 41 90 168
85 105 49 149 201 69 13 26 72 56 112 186
63 132 59 181 94 75 6 53 70 51 136 177
82 104 60 117 192 74 19 27 102 53 127 188
55 84 42 88 86 157 7 30 55 58 130 187
47 150 38 226 151 81 18 23 53 56 90 138
90 142 28 204 220 48 10 17 80 52 119 189
81 122 74 99 217 101 7 34 54 34 98 151
78 92 48 122 114 62 8 19 93 55 152 183
48 80 71 185 50 82 19 30 70 50 112 178
82 147 53 116 51 67 16 34 72 60 105 155
75 88 62 114 212 177 5 41 68 41 105 163
73 110 32 208 103 128 9 33 106 55 95 150
88 147 47 238 187 97 20 39 89 54 133 129
41 116 29 153 86 43 17 28 109 48 122 170
83 142 72 237 130 163 5 32 64 59 135 181
61 140 76 162 55 67 13 42 58 48 92 166
70 105 49 148 124 79 10 46 55 53 149 125
82 102 60 93 94 20 16 21 56 40 148 167
73 122 64 157 71 35 14 28 72 41 116 122
72 81 28 143 75 187 12 46 52 54 148 175
86 106 61 78 88 182 17 38 53 53 107 122
42 87 21 101 153 104 12 31 77 56 144 176
63 92 61 71 135 98 11 52 86 36 148 181
70 104 34 207 42 146 5 35 59 50 97 139
45 121 21 182 91 178 14 27 106 56 119 136
98 135 22 142 206 155 7 36 61 41 135 146
92 144 63 239 215 75 10 25 94 35 143 136
42 98 64 160 71 186 18 30 101 56 104 138
87 121 72 97 65 99 10 41 101 50 135 132
65 91 38 232 145 77 13 35 59 33 117 150
80 115 43 217 196 21 7 23 76 46 146 140
44 100 42 156 80 151 8 42 70 45 101 130
64 131 38 96 91 158 16 33 62 37 105 129
65 144 69 111 65 93 7 41 96 30 115 142
48 81 25 192 156 108 8 21 75 59 130 135
68 103 32 120 183 95 9 37 102 45 109 136
47 146 36 167 112 47 10 24 93 43 144 132
95 115 49 217 115 159 12 22 51 57 154 151
49 86 36 102 116 132 18 33 99 55 127 174
67 128 37 169 201 76 11 31 56 42 116 161
81 87 71 151 166 44 17 52 73 50 148 190
48 126 78 102 208 139 13 36 86 60 134 153
42 81 78 201 199 16 9 48 108 36 150 182
66 89 47 187 209 30 5 38 58 31 139 148
66 131 39 180 88 15 14 26 51 47 107 167
43 104 42 204 115 168 10 50 104 56 92 130
100 128 69 236 128 155 8 32 97 54 137 157
83 106 65 85 133 74 13 46 64 60 148 123
79 86 45 140 84 34 13 21 55 43 135 190
65 143 46 170 66 139 5 31 73 50 155 144
50 89 30 84 122 57 12 15 86 51 139 189
87 115 40 137 175 167 11 18 65 42 133 175
76 132 28 199 62 142 20 33 58 35 152 183
59 122 63 191 176 156 19 32 66 53 114 125
93 81 36 79 102 111 13 45 106 40 143 162
41 108 23 194 146 56 14 24 104 59 136 182
77 146 34 234 137 102 13 21 99 44 91 181
44 139 35 108 93 41 18 41 55 37 106 179
65 149 69 96 184 164 7 50 108 50 90 127
74 85 73 207 160 32 19 40 98 41 150 143
54 82 69 229 118 78 17 39 99 56 106 183
89 101 35 193 213 167 20 53 87 56 143 126
71 129 72 228 82 100 15 43 106 49 140 172
69 95 52 172 109 136 9 27 60 55 99 166
84 80 42 134 145 163 17 55 89 54 119 175
74 121 28 113 120 82 7 42 94 46 133 140
57 136 68 115 144 61 7 40 72 47 101 127
44 146 70 234 215 127 16 49 109 32 110 131
80 95 67 168 121 141 6 31 52 48 146 188
94 132 21 146 104 147 7 24 76 44 121 162
40 108 65 237 212 155 11 41 61 52 143 126
47 105 58 159 145 117 7 20 86 44 143 165
61 150 20 173 161 68 19 27 98 45 94 146
78 114 29 206 90 101 6 37 66 59 155 168
70 122 62 179 108 95 16 38 107 48 124 160
53 102 50 154 149 83 19 23 61 38 154 157
99 121 67 231 176 173 6 26 69 32 123 147
63 97 37 157 86 79 18 23 87 53 127 156
41 103 25 186 60 178 19 15 77 33 111 147
45 138 36 123 40 184 17 41 103 37 119 158
54 136 68 162 143 85 12 34 53 33 107 122
56 132 58 124 179 121 19 20 51 44 133 120
68 97 52 115 41 82 20 26 79 32 106 165
73 84 75 119 167 142 12 25 91 59 131 133
66 127 35 96 82 177 7 51 92 58 119 144
60 83 61 228 118 116 20 42 98 32 110 186
90 98 61 176 120 87 5 28 55 34 120 137
95 103 58 162 91 24 12 35 103 58 149 125
98 129 76 110 75 137 12 15 83 47 128 122
54 110 60 133 125 114 14 26 62 52 122 141
91 89 74 108 211 27 18 31 95 54 106 124
97 96 33 99 119 187 12 25 87 53 103 134
56 85 70 128 49 72 13 33 100 31 149 132
71 103 63 216 189 169 15 47 84 49 108 161
95 136 49 157 211 169 20 27 58 34 109 183
73 122 33 189 213 162 5 48 76 38 124 175
66 129 38 231 66 51 19 25 85 43 135 172
77 117 57 113 42 148 19 55 65 30 98 184
73 118 75 119 101 57 10 39 78 43 142 187
42 83 62 184 170 169 6 19 66 31 143 121
98 131 27 160 66 31 8 28 110 34 133 121
70 110 72 151 193 175 12 44 70 60 93 180
59 143 42 234 40 78 19 28 91 40 101 123
51 83 28 117 157 113 12 23 54 36 113 183
52 120 60 93 113 52 19 33 100 49 126 161
56 104 25 176 199 149 8 21 89 38 98 129
100 81 29 125 188 75 13 32 50 44 108 129
64 82 68 167 195 164 5 20 94 43 140 188
83 150 63 74 115 28 14 37 83 45 101 128
43 122 34 134 186 40 14 37 54 57 135 156
65 115 41 218 152 67 14 47 59 50 143 138
62 141 47 179 108 31 5 55 102 37 96 135
89 145 34 110 126 90 19 36 76 53 138 157
65 87 77 152 79 110 20 15 87 44 119 187
97 114 36 159 63 148 20 28 68 32 97 172
99 143 25 171 139 117 11 21 74 39 112 184
76 139 56 186 119 72 11 30 81 30 96 155
75 103 34 174 190 27 12 47 64 52 126 126
67 131 49 185 217 66 8 50 88 44 114 155
66 140 43 137 114 40 5 33 98 42 115 155
82 147 46 221 96 181 6 36 72 55 127 148
40 102 59 157 186 41 6 38 67 58 132 166
41 82 41 151 115 151 15 19 108 42 125 125
42 126 75 164 208 52 5 43 71 34 131 152
92 134 38 144 78 139 8 47 75 44 138 144
87 101 23 89 122 118 18 27 104 54 146 153
98 119 78 170 86 19 17 44 102 39 141 177
60 127 52 126 216 92 12 28 92 52 122 168
46 87 28 227 152 80 10 28 54 42 131 136
54 117 39 110 118 58 15 35 104 43 146 141
72 121 31 136 49 45 5 54 90 35 134 158
94 133 75 160 67 150 9 40 105 45 149 130
79 109 55 207 119 27 12 37 83 39 123 175
76 138 77 144 169 17 7 26 91 37 148 125
52 128 58 72 90 21 16 32 84 53 142 180
79 132 71 102 162 95 6 42 93 58 143 177
81 146 55 189 103 108 14 29 102 43 123 177
97 85 43 127 64 146 5 22 65 56 152 162
77 136 57 122 124 128 12 35 82 37 106 156
86 134 58 85 108 96 17 15 85 32 103 171
99 101 23 179 120 52 13 55 55 54 117 133
45 114 46 183 48 52 7 49 70 34 107 164
84 106 69 72 163 132 6 44 98 37 146 141
83 120 58 104 197 77 20 55 60 45 141 141
81 150 67 188 125 113 6 27 55 56 114 158
61 129 78 175 162 115 11 52 70 59 153 166
42 131 30 163 118 100 14 43 82 31 90 171
41 87 64 228 188 144 6 47 110 30 148 187
90 84 36 76 114 154 18 42 91 39 111 141
64 146 34 79 205 139 18 26 54 60 141 130
58 137 42 96 120 28 9 40 98 57 129 128
47 107 32 221 77 126 5 34 68 57 141 128
44 87 47 71 181 172 15 26 108 39 129 182
97 106 64 222 187 80 20 36 95 41 134 147
93 142 70 159 148 35 14 50 80 42 96 128
51 117 34 93 78 170 5 38 78 58 94 121
52 87 24 212 100 21 6 17 83 59 136 177
96 132 70 130 135 172 13 15 87 43 116 161
56 82 51 167 105 78 6 40 93 60 113 121
61 127 59 184 157 184 13 55 107 54 120 131
50 115 30 231 90 119 12 22 93 35 97 144
46 145 74 208 193 31 15 18 54 60 120 121
67 137 23 135 52 153 19 23 84 58 145 166
94 129 22 143 82 94 18 18 93 36 93 161
93 129 58 203 146 76 5 55 50 33 116 129
40 115 36 80 215 103 18 54 88 46 116 161
61 94 40 87 157 103 10 28 102 43 148 190
66 100 79 104 70 58 11 37 93 52 141 176
44 150 43 193 131 83 15 37 95 48 97 127
93 105 56 99 146 147 9 17 90 55 110 168
67 137 24 102 120 152 15 22 104 59 107 123
87 122 42 132 138 160 8 51 93 60 123 162
40 131 80 84 96 25 19 35 59 35 98 166
76 93 29 125 161 63 8 42 91 37 116 167
98 140 29 233 218 62 18 43 96 54 105 146
74 113 41 210 159 36 6 15 67 42 96 167
97 94 39 206 208 171 5 41 97 53 130 186
91 82 44 196 219 157 18 34 81 30 131 190
73 118 46 91 43 50 10 35 66 57 109 172
71 86 63 180 106 97 14 39 58 49 127 178
56 99 28 116 41 151 9 20 95 48 101 186
62 92 30 159 113 87 10 39 59 46 143 143
40 90 77 88 107 90 13 20 65 32 126 173
74 104 44 178 120 140 12 53 108 60 114 183
67 101 49 151 47 184 16 45 73 53 98 168
100 148 59 113 116 90 14 52 61 36 105 144
60 136 40 185 106 88 17 53 69 47 110 138
81 83 36 193 151 152 16 29 86 47 124 125
87 105 54 110 216 129 9 44 100 32 128 178
57 102 46 183 123 74 16 36 83 39 147 124
88 92 28 87 121 184 18 25 100 34 103 123
80 114 71 178 192 70 16 44 54 30 141 189
96 84 45 92 43 115 6 36 77 41 125 148
84 107 24 211 100 48 9 15 106 38 94 127
81 87 69 201 159 73 10 33 56 51 124 131
88 92 41 130 163 105 15 35 91 53 122 131
90 150 33 195 40 156 13 22 94 51 139 134
95 140 56 222 218 19 17 17 58 58 142 131
84 108 46 201 213 130 17 34 89 53 92 131
82 95 58 103 69 169 13 31 109 57 106 126
49 138 51 91 200 80 19 40 67 35 118 146
54 148 56 164 165 149 7 43 91 38 144 144
96 130 57 111 94 142 19 43 75 31 93 169
56 132 46 240 153 111 5 25 102 56 129 145
57 145 76 96 144 108 10 50 90 46 143 130
94 128 22 170 80 50 17 27 52 47 146 158
89 126 32 227 81 47 16 43 106 57 155 144
90 126 26 136 89 110 15 19 102 51 149 180
70 110 29 192 115 48 6 21 110 50 96 130
52 109 43 188 104 64 14 22 99 39 138 122
65 144 67 107 200 115 20 39 91 53 126 184
87 102 62 158 171 180 18 47 87 52 103 144
87 137 72 225 183 64 14 54 70 51 155 165
72 81 38 78 154 177 19 27 53 34 113 184
52 84 39 119 74 113 12 38 107 53 92 182
92 140 30 156 139 90 10 34 83 48 91 176
71 136 69 208 85 52 8 34 108 55 148 134
95 94 20 237 178 164 12 42 82 47 98 157
68 140 40 216 82 75 17 17 89 45 124 145
81 81 76 212 188 51 8 55 91 49 107 184
52 97 54 101 64 115 19 54 68 54 154 151
56 101 25 204 178 163 14 15 52 51 150 140
58 131 26 157 213 18 19 51 93 34 118 164
73 117 52 107 104 165 11 38 62 46 122 138
58 98 22 151 147 149 5 31 86 44 94 172
89 110 67 97 123 146 18 28 94 44 92 176
71 94 39 172 150 182 11 20 97 41 110 124
71 113 79 126 139 96 10 20 99 38 102 122
90 103 48 76 196 46 15 42 102 56 130 151
98 142 61 81 54 144 18 55 68 37 152 149
59 132 21 234 188 17 20 24 110 46 96 170
56 93 38 155 168 163 17 48 75 35 144 162
96 96 65 134 58 16 16 19 98 43 101 141
75 107 44 209 149 46 5 48 55 58 126 180
73 150 22 228 85 77 12 52 71 48 117 190
100 110 23 228 167 124 16 32 83 38 100 154
52 98 55 114 153 58 12 52 57 47 90 180
77 138 69 222 117 163 7 26 66 49 116 171
90 93 48 104 96 31 11 48 61 42 101 186
59 111 54 132 188 27 7 21 67 38 95 132
51 81 38 183 186 61 17 18 60 49 147 155
88 128 21 93 187 186 18 52 96 36 134 141
44 93 32 127 90 17 10 39 87 58 95 136
66 133 26 215 76 16 8 20 65 32 125 164
56 144 38 218 66 76 6 15 53 35 123 123
58 101 41 109 208 105 13 15 60 55 90 139
83 102 65 181 104 24 11 49 89 43 150 136
68 134 57 208 203 160 9 16 73 55 155 179
71 84 53 110 63 128 13 30 71 53 138 170
64 96 57 122 160 82 16 38 92 54 114 132
94 80 37 156 53 148 5 45 90 47 136 136
79 104 50 205 42 47 9 33 61 47 106 171
66 119 49 170 156 98 10 21 79 55 149 123
79 115 34 213 65 73 6 19 66 40 131 128
70 132 72 77 146 16 9 46 72 56 128 137
75 132 33 238 115 36 14 22 101 37 108 151
96 145 20 135 86 50 13 26 72 58 122 167
74 108 72 200 114 93 8 24 100 58 146 159
71 145 35 117 166 111 17 49 60 32 114 161
75 139 39 154 155 85 18 35 62 40 103 183
99 146 74 232 96 86 13 33 95 35 131 184
67 88 56 218 192 190 5 27 67 59 130 188
91 90 25 138 62 129 9 17 55 31 102 125
83 80 36 114 84 30 12 25 105 38 102 167
48 124 31 178 132 149 15 50 66 40 114 163
51 82 39 201 74 61 9 29 96 38 136 128
57 134 45 171 136 155 9 33 97 43 103 127
87 97 48 228 177 122 7 49 101 56 142 156
45 137 69 193 69 142 11 19 95 32 111 161
69 123 60 113 102 154 20 21 109 40 110 124
75 130 57 88 160 40 9 52 60 40 147 149
56 103 76 240 133 32 20 42 99 49 129 152
42 131 72 133 59 69 7 35 78 43 154 144
93 125 62 224 220 136 13 50 53 54 92 171
45 104 68 174 157 116 9 22 84 37 98 169
51 100 78 80 79 163 17 35 88 51 118 189
68 133 26 180 103 30 17 46 99 59 100 160
79 123 66 229 115 120 6 52 62 58 108 127
96 96 27 83 90 89 18 21 72 56 109 189
72 112 70 124 70 124 16 32 53 41 107 174
59 137 24 132 193 139 12 43 108 47 136 167
85 102 28 101 85 135 14 46 66 38 130 138
41 82 70 104 152 118 20 34 80 39 141 151
91 107 78 183 51 139 6 44 58 43 102 133
45 138 44 193 44 138 6 22 68 54 98 157
86 100 73 128 79 174 19 34 108 60 116 174
73 108 37 154 201 54 10 55 51 34 110 140
92 110 73 221 57 39 6 37 105 32 105 141
66 118 40 126 143 28 8 26 101 39 140 181
89 98 25 93 163 98 9 24 61 36 134 170
65 80 79 84 87 143 20 34 67 59 127 124
93 146 79 223 205 50 18 34 81 58 153 120
79 134 32 240 190 48 15 21 66 43 94 154
52 96 47 110 66 139 16 51 109 59 91 155
43 145 28 184 78 102 12 48 86 46 108 166
100 98 42 140 167 173 18 37 90 32 139 178
90 135 45 214 97 115 8 19 100 59 101 133
59 100 66 175 210 36 8 40 70 34 139 136
42 91 43 214 106 24 20 30 85 48 98 170
55 95 29 238 69 172 20 23 89 41 131 138
75 140 30 99 133 44 19 46 57 37 110 167
100 100 47 83 172 50 9 17 85 51 125 132
45 129 53 208 52 80 5 17 93 54 140 123
76 97 60 71 132 142 15 52 108 58 107 171
85 83 75 217 142 35 17 34 74 34 133 152
54 83 70 111 108 57 7 16 85 59 111 175
77 125 20 149 58 177 13 35 101 41 113 129
80 106 40 82 172 164 9 21 77 46 104 180
76 95 76 77 84 177 14 20 98 51 131 182
42 108 79 173 128 44 16 41 99 31 151 133
51 137 24 150 194 170 12 21 94 54 99 167
55 113 61 135 152 124 16 45 101 34 155 127
42 80 39 180 52 120 19 32 91 50 129 136
48 122 79 131 151 44 17 40 73 49 137 124
57 142 29 84 92 45 18 42 75 37 91 134
45 114 46 144 92 183 18 44 70 46 136 127
95 107 34 91 170 108 8 34 66 32 106 156
59 127 21 159 168 188 13 34 74 54 103 166
42 141 52 192 151 128 8 34 98 39 98 144
80 145 61 133 214 33 19 26 79 54 104 127
50 126 35 178 60 118 7 34 91 48 120 158
89 120 73 100 75 94 6 46 97 59 91 179
47 133 45 191 61 131 5 19 93 57 114 142
57 148 73 235 104 182 13 44 98 31 153 156
81 98 68 206 52 90 9 49 57 49 107 155
74 119 35 208 112 65 6 16 75 44 151 132
71 111 75 148 93 63 17 26 95 39 96 145
53 106 75 168 65 68 9 50 103 32 116 188
68 109 67 84 163 164 20 40 78 31 132 144
87 150 27 150 216 62 19 15 64 34 137 139
79 86 60 154 111 77 5 27 80 32 133 148
41 80 31 73 66 52 7 55 67 52 153 160
79 84 52 207 187 56 19 45 89 50 112 124
77 119 76 82 93 166 8 41 91 39 143 132
85 119 36 78 135 85 8 40 58 33 123 185
96 92 41 75 201 176 13 25 97 40 114 178
97 140 43 99 205 77 13 31 74 42 140 161
41 149 56 133 110 71 5 15 86 53 98 184
85 95 21 166 127 144 7 49 51 38 101 128
41 141 77 169 162 177 7 39 66 45 127 190
87 88 22 165 70 143 17 54 75 49 129 182
74 87 24 170 220 163 15 25 71 30 100 125
89 125 45 86 83 181 6 37 53 39 145 167
98 99 67 85 111 143 9 23 62 58 131 133
76 91 22 235 141 131 10 51 92 32 149 177
97 90 26 93 49 132 6 28 71 49 102 161
72 112 78 73 62 48 20 51 76 46 100 157
40 150 34 83 112 79 20 25 86 43 146 133
76 124 29 215 193 85 5 30 52 51 105 190
77 125 34 240 64 95 11 44 70 60 101 190
79 146 79 184 188 139 9 35 94 53 148 147
69 135 62 152 75 104 19 35 107 32 96 180
50 104 23 229 201 112 13 39 103 31 150 120
90 135 23 102 217 40 19 27 92 45 113 157
70 141 77 147 60 165 9 44 64 54 107 159
93 130 31 144 217 127 15 50 91 32 134 148
99 94 46 178 145 84 18 18 52 45 128 147
68 83 67 75 105 163 13 40 79 38 112 156
65 125 27 213 170 100 6 17 83 42 128 123
92 92 27 143 98 24 6 18 98 54 124 171
81 91 21 143 109 148 10 28 105 47 146 178
57 102 71 162 46 121 20 28 103 58 91 161
86 113 43 102 85 183 11 49 88 49 151 142
72 84 53 188 220 120 10 55 93 47 118 155
82 80 42 188 77 30 6 38 98 54 133 168
96 83 77 80 184 123 17 31 52 58 102 150
90 103 32 96 175 90 13 39 106 34 123 149
92 120 47 194 139 74 6 37 75 48 106 164
74 92 78 142 122 37 9 22 67 47 141 122
63 97 71 169 127 177 10 18 62 43 101 183
51 103 73 77 149 64 19 51 103 44 147 122
50 114 44 155 202 15 17 36 59 53 106 126
95 129 31 145 190 172 17 28 65 49 115 164
80 130 67 152 135 62 13 55 75 38 150 172
59 141 79 81 142 36 7 29 57 56 107 179
55 102 39 184 84 156 6 30 63 58 106 156
99 94 51 221 168 164 13 29 83 56 118 156
75 134 78 104 114 57 15 52 60 34 144 128
43 114 47 117 131 21 10 21 89 40 131 144
86 82 42 127 190 29 13 52 56 48 154 182
45 139 54 184 208 160 13 22 100 43 90 124
41 81 51 143 209 156 9 31 97 44 124 173
71 107 60 215 191 81 14 45 58 40 152 142
52 81 38 200 60 108 12 46 52 51 129 155
63 103 36 167 75 142 11 33 97 37 147 145
90 113 28 91 62 168 19 31 61 30 97 154
46 145 66 191 109 90 10 42 56 56 154 138
87 127 76 107 91 169 12 31 102 36 135 136
88 107 72 94 136 135 5 21 106 56 144 150
40 149 79 182 123 110 8 26 54 46 152 155
45 87 56 216 120 183 14 48 91 31 134 128
96 113 27 148 106 181 18 22 80 52 120 123
99 140 40 82 61 158 12 43 73 32 142 183
46 144 42 117 158 57 7 43 95 46 100 145
48 121 77 161 203 61 15 55 69 60 152 169
47 85 42 92 184 117 7 42 59 47 143 152
74 97 27 91 53 29 8 28 85 45 139 143
51 140 59 159 85 146 11 16 61 36 91 127
92 92 56 166 66 126 14 43 65 50 140 170
52 116 25 94 145 110 17 40 56 40 90 162
53 90 23 148 201 125 9 17 67 36 121 126
51 102 21 126 157 22 12 40 59 40 117 159
56 148 67 93 61 15 6 50 106 59 95 157
73 132 44 78 94 97 13 39 101 34 117 127
45 131 53 218 133 59 20 20 60 44 108 164
59 141 53 179 160 131 17 19 88 32 147 189
76 109 79 148 107 90 14 32 104 53 126 120
78 113 52 143 153 39 16 50 108 43 111 154
58 121 63 222 182 85 16 28 55 57 128 175
74 149 73 188 150 150 9 45 100 44 117 135
81 119 53 94 170 112 13 45 96 31 146 177
92 81 40 217 197 26 17 33 90 53 110 129
71 147 72 132 102 174 9 51 81 55 93 169
96 147 53 78 90 168 19 35 81 32 92 186
97 108 29 161 151 86 9 20 77 33 114 188
83 101 67 206 44 154 8 49 82 43 106 121
68 135 27 99 135 60 19 36 103 33 149 142
67 112 79 228 180 48 11 23 63 31 101 158
83 84 70 161 87 66 9 22 52 35 133 141
84 100 45 219 46 167 6 52 56 58 130 165
40 136 60 177 43 82 17 28 87 30 91 159
67 118 74 202 121 170 11 54 55 47 102 137
88 100 67 232 138 181 17 26 108 31 151 148
55 102 35 140 67 56 9 22 100 47 146 158
68 92 60 159 211 61 6 52 69 35 114 146
50 142 42 86 104 82 12 55 65 38 111 154
98 148 75 182 196 170 9 33 79 32 113 190
75 117 22 150 213 28 12 42 108 56 155 139
97 141 64 225 218 162 16 48 101 38 92 150
61 146 55 99 77 22 7 28 57 42 95 150
